-1.427e-2, 1.463
-1.44e-2, 1.451
5.644e-3, 1.44
5.515e-3, 1.428
2.569e-2, 1.428
2.556e-2, 1.416
4.56e-2, 1.404
4.547e-2, 1.393
6.551e-2, 1.381
6.538e-2, 1.369
8.542e-2, 1.357
8.53e-2, 1.345
0.105, 1.345
0.126, 1.334
0.125, 1.322
0.145, 1.31
0.165, 1.298
0.165, 1.287
0.185, 1.275
0.185, 1.263
0.185, 1.251
0.205, 1.238
0.205, 1.228
0.225, 1.216
0.225, 1.204
0.225, 1.192
0.245, 1.192
0.245, 1.181
0.265, 1.169
0.265, 1.157
0.265, 1.145
0.285, 1.133
0.285, 1.121
0.305, 1.11
0.304, 1.098
0.304, 1.086
0.304, 1.075
0.304, 1.063
0.304, 1.051
0.324, 1.039
0.324, 1.027
0.343, 1.016
0.363, 1.004
0.363, 0.992
0.384, 0.98
0.384, 0.968
0.404, 0.956
0.404, 0.944
0.424, 0.933
0.444, 0.921
0.444, 0.91
0.464, 0.898
0.464, 0.886
0.484, 0.874
0.483, 0.863
0.503, 0.851
0.524, 0.839
0.523, 0.827
0.543, 0.815
0.543, 0.804
0.563, 0.792
0.563, 0.78
0.563, 0.768
0.583, 0.768
0.583, 0.757
0.603, 0.745
0.603, 0.733
0.623, 0.721
0.623, 0.709
0.643, 0.698
0.643, 0.686
0.663, 0.686
0.663, 0.674
0.683, 0.662
0.683, 0.651
0.702, 0.639
0.702, 0.627
0.722, 0.615
0.722, 0.603
0.742, 0.603
0.742, 0.592
0.763, 0.592
0.783, 0.58
0.803, 0.58
0.823, 0.58
0.843, 0.58
0.863, 0.568
0.884, 0.568
0.904, 0.568
0.924, 0.568
0.944, 0.556
0.964, 0.556
0.984, 0.556
0.984, 0.545
1.004, 0.545
1.025, 0.545
1.045, 0.545
1.065, 0.545
1.085, 0.533
1.105, 0.521
1.125, 0.509
1.145, 0.496
1.165, 0.486
1.185, 0.474
1.205, 0.462
1.225, 0.45
1.245, 0.439
1.265, 0.427
1.285, 0.415
1.305, 0.403
1.325, 0.391
1.345, 0.38
1.366, 0.367
1.386, 0.355
1.406, 0.343
1.426, 0.333
1.446, 0.321
1.466, 0.309
1.486, 0.309
1.506, 0.309
1.526, 0.297
1.546, 0.297
1.565, 0.297
1.587, 0.297
1.607, 0.297
1.627, 0.297
1.647, 0.285
1.667, 0.285
1.687, 0.285
1.708, 0.285
1.728, 0.285
1.748, 0.285
1.768, 0.274
1.788, 0.274
1.808, 0.274
1.827, 0.274
1.849, 0.274
1.869, 0.262
1.889, 0.262
1.909, 0.262
1.929, 0.262
1.948, 0.262
1.968, 0.262
1.99, 0.25
2.01, 0.25
2.03, 0.25
2.05, 0.25
2.07, 0.25
2.09, 0.25
2.11, 0.238
2.131, 0.238
2.151, 0.238
2.171, 0.238
2.191, 0.227
2.211, 0.227
2.231, 0.227
2.251, 0.227
2.272, 0.227
2.292, 0.227
2.312, 0.215
2.332, 0.215
2.351, 0.215
2.371, 0.215
2.393, 0.215
2.413, 0.215
2.433, 0.203
2.453, 0.203
2.472, 0.203
2.492, 0.203
2.513, 0.203
2.534, 0.203
2.554, 0.191
2.573, 0.191
2.593, 0.191
2.613, 0.179
2.634, 0.168
2.654, 0.168
2.674, 0.168
2.694, 0.168
2.714, 0.168
2.734, 0.168
2.755, 0.168
2.775, 0.168
2.795, 0.168
2.815, 0.168
2.835, 0.168
2.855, 0.168
2.876, 0.156
2.896, 0.156
2.916, 0.156
2.936, 0.156
2.956, 0.156
2.976, 0.156
2.996, 0.156
3.017, 0.156
3.037, 0.156
3.058, 0.156
3.078, 0.156
3.098, 0.156
3.117, 0.156
3.138, 0.156
3.158, 0.156
3.179, 0.156
3.199, 0.156
3.219, 0.156
3.238, 0.156
3.259, 0.156
3.279, 0.156
3.3, 0.156
3.32, 0.144
3.34, 0.144
3.359, 0.144
3.38, 0.144
3.4, 0.144
3.42, 0.144
3.441, 0.144
3.461, 0.144
3.48, 0.144
3.501, 0.144
3.521, 0.144
3.541, 0.144
3.562, 0.144
3.581, 0.144
3.601, 0.144
3.621, 0.144
3.642, 0.144
3.662, 0.144
3.683, 0.144
3.702, 0.144
3.722, 0.144
3.742, 0.144
3.763, 0.132
3.783, 0.132
3.804, 0.132
3.823, 0.132
3.843, 0.132
3.863, 0.132
3.884, 0.132
3.904, 0.132
3.925, 0.132
3.944, 0.132
3.964, 0.132
3.984, 0.132
4.005, 0.132
4.025, 0.132
4.046, 0.132
4.066, 0.132
4.086, 0.132
4.106, 0.132
4.126, 0.132
4.146, 0.132
4.167, 0.132
4.187, 0.132
4.207, 0.12
4.227, 0.12
4.246, 0.12
4.267, 0.12
4.288, 0.12
4.308, 0.12
4.328, 0.12
4.347, 0.12
4.367, 0.12
4.388, 0.12
4.409, 0.12
4.429, 0.12
4.449, 0.12
4.468, 0.12
4.488, 0.12
4.509, 0.12
4.53, 0.12
4.55, 0.12
4.569, 0.12
4.589, 0.12
4.609, 0.12
4.63, 0.12
4.65, 0.109
4.671, 0.109
4.69, 0.109
4.71, 0.109
4.73, 0.109
4.751, 0.109
4.771, 0.109
4.792, 0.109
4.812, 0.109
4.831, 0.109
4.851, 0.109
4.871, 0.109
4.892, 0.109
4.913, 0.109
4.933, 0.109
4.952, 0.109
4.972, 0.109
4.992, 0.109
5.014, 0.109
5.034, 0.109
5.054, 0.109
5.074, 0.109
5.094, 9.682e-2
5.114, 9.682e-2
5.134, 9.682e-2
5.155, 9.682e-2
5.175, 9.682e-2
5.195, 9.681e-2
5.215, 9.681e-2
5.234, 9.681e-2
5.255, 9.681e-2
5.276, 9.681e-2
5.296, 9.681e-2
5.316, 9.681e-2
5.336, 9.68e-2
5.355, 9.68e-2
5.376, 9.68e-2
5.397, 9.68e-2
5.417, 9.68e-2
5.437, 9.68e-2
5.457, 9.68e-2
5.476, 9.68e-2
5.496, 9.679e-2
5.518, 9.679e-2
5.538, 9.679e-2
5.558, 8.501e-2
5.577, 8.501e-2
5.597, 8.501e-2
5.617, 8.501e-2
5.639, 8.501e-2
5.659, 8.501e-2
5.679, 8.501e-2
5.698, 8.5e-2
5.718, 8.5e-2
5.738, 8.5e-2
5.76, 8.5e-2
5.78, 8.5e-2
5.8, 8.5e-2
5.819, 8.5e-2
5.839, 8.5e-2
5.859, 8.499e-2
5.881, 8.499e-2
5.901, 8.499e-2
5.921, 8.499e-2
5.94, 8.499e-2
5.96, 8.499e-2
5.98, 8.499e-2
6.001, 7.321e-2
6.022, 7.321e-2
6.042, 7.321e-2
6.062, 7.32e-2
6.082, 7.32e-2
6.102, 7.32e-2
6.121, 7.32e-2
6.143, 7.32e-2
6.163, 7.32e-2
6.183, 7.32e-2
6.203, 7.32e-2
6.223, 7.319e-2
6.244, 7.319e-2
6.264, 7.319e-2
6.284, 7.319e-2
6.304, 7.319e-2
6.324, 7.319e-2
6.343, 7.319e-2
6.365, 7.319e-2
6.385, 7.318e-2
6.405, 7.318e-2
6.425, 7.318e-2
6.445, 6.14e-2
6.465, 6.14e-2
6.484, 6.14e-2
6.506, 6.14e-2
6.526, 6.14e-2
6.546, 6.14e-2
6.565, 6.14e-2
6.585, 6.139e-2
6.605, 6.139e-2
6.627, 6.139e-2
6.647, 6.139e-2
6.667, 6.139e-2
6.687, 6.139e-2
6.706, 6.139e-2
6.726, 6.139e-2
6.748, 6.138e-2
6.768, 6.138e-2
6.788, 6.138e-2
6.808, 6.138e-2
6.827, 6.138e-2
6.847, 6.138e-2
6.869, 6.138e-2
6.889, 4.96e-2
6.909, 4.96e-2
6.929, 4.96e-2
6.948, 4.959e-2
6.968, 4.959e-2
6.99, 4.959e-2
7.01, 4.959e-2
7.03, 4.959e-2
7.05, 4.959e-2
7.07, 4.959e-2
7.09, 4.959e-2
7.111, 4.958e-2
7.131, 4.958e-2
7.151, 4.958e-2
7.171, 4.958e-2
7.191, 4.958e-2
7.211, 4.958e-2
7.232, 4.958e-2
7.252, 4.957e-2
7.272, 4.957e-2
7.292, 4.957e-2
7.312, 4.957e-2
7.332, 3.779e-2
7.351, 3.779e-2
7.373, 3.779e-2
7.393, 3.779e-2
7.413, 3.779e-2
7.433, 3.779e-2
7.453, 3.779e-2
7.474, 3.778e-2
7.494, 3.778e-2
7.514, 3.778e-2
7.534, 3.778e-2
7.554, 3.778e-2
7.573, 3.778e-2
7.595, 3.778e-2
7.615, 3.777e-2
7.635, 3.777e-2
7.655, 3.777e-2
7.675, 3.777e-2
7.694, 3.777e-2
7.716, 3.777e-2
7.736, 3.777e-2
7.756, 3.777e-2
7.776, 2.599e-2
7.796, 2.599e-2
7.815, 2.599e-2
7.835, 2.598e-2
7.857, 2.598e-2
7.877, 2.598e-2
7.897, 2.598e-2
7.917, 2.598e-2
7.937, 2.598e-2
7.956, 2.598e-2
7.978, 2.597e-2
7.998, 2.597e-2
8.018, 2.597e-2
8.038, 2.597e-2
8.058, 2.597e-2
8.078, 2.597e-2
8.099, 2.597e-2
8.119, 2.597e-2
8.139, 2.596e-2
8.159, 2.596e-2
8.179, 2.596e-2
8.2, 2.596e-2
8.22, 2.596e-2
8.24, 1.418e-2
8.26, 1.418e-2
8.28, 1.418e-2
8.3, 1.418e-2
8.32, 1.418e-2
8.341, 1.417e-2
8.361, 1.417e-2
8.381, 1.417e-2
8.401, 1.417e-2
8.421, 1.417e-2
8.441, 1.417e-2
8.462, 1.417e-2
8.482, 1.417e-2
8.502, 1.416e-2
8.522, 1.416e-2
8.542, 1.416e-2
8.562, 1.416e-2
8.583, 1.416e-2
8.603, 1.416e-2
8.623, 1.416e-2
8.643, 1.415e-2
8.663, 1.415e-2
8.683, 2.376e-3
8.704, 2.375e-3
8.724, 2.373e-3
8.744, 2.372e-3
8.764, 2.371e-3
8.784, 2.369e-3
8.804, 2.368e-3
8.825, 2.367e-3
8.845, 2.365e-3
8.865, 2.364e-3
8.885, 2.363e-3
8.905, 2.361e-3
8.925, 2.36e-3
8.946, 2.359e-3
8.966, 2.357e-3
8.986, 2.356e-3
9.006, -9.421e-3
9.026, -9.423e-3
9.046, -9.424e-3
9.066, -9.425e-3
9.087, -9.427e-3
9.107, -9.428e-3
9.127, -9.429e-3
9.147, -9.431e-3
9.167, -9.432e-3
9.187, -9.433e-3
9.208, -9.435e-3
9.228, -9.436e-3
9.248, 2.339e-3
9.268, 2.338e-3
9.288, 2.336e-3
9.309, 2.335e-3
9.329, 1.411e-2
9.349, 1.411e-2
9.369, 2.588e-2
9.39, 3.766e-2
9.41, 3.766e-2
9.43, 4.943e-2
9.45, 4.943e-2
9.471, 6.121e-2
9.491, 6.12e-2
9.511, 7.298e-2
9.531, 8.475e-2
9.552, 8.475e-2
9.572, 9.653e-2
9.592, 9.653e-2
9.612, 0.108
9.612, 0.12
9.633, 0.12
9.633, 0.132
9.653, 0.144
9.673, 0.155
9.673, 0.167
9.694, 0.167
9.714, 0.179
9.714, 0.191
9.734, 0.203
9.755, 0.214
9.775, 0.226
9.775, 0.238
9.795, 0.25
9.815, 0.25
9.815, 0.261
9.835, 0.273
9.835, 0.285
9.855, 0.285
9.855, 0.297
9.877, 0.308
9.877, 0.32
9.897, 0.332
9.897, 0.343
9.917, 0.343
9.938, 0.355
9.938, 0.367
9.958, 0.379
9.958, 0.391
9.979, 0.403
9.979, 0.414
9.999, 0.426
9.999, 0.438
10.019, 0.45
10.04, 0.462
10.04, 0.472
10.06, 0.484
10.06, 0.496
10.06, 0.509
10.081, 0.52
10.081, 0.532
10.101, 0.544
10.101, 0.556
10.121, 0.556
10.121, 0.568
10.121, 0.579
10.142, 0.591
10.142, 0.603
10.162, 0.615
10.163, 0.626
10.183, 0.638
10.183, 0.65
10.203, 0.662
10.203, 0.674
10.224, 0.685
10.224, 0.697
10.244, 0.709
10.244, 0.721
10.265, 0.732
10.265, 0.744
10.265, 0.756
10.285, 0.768
10.305, 0.78
10.306, 0.791
10.326, 0.803
10.326, 0.815
10.346, 0.827
10.346, 0.838
10.347, 0.85
10.367, 0.862
10.367, 0.874
10.387, 0.874
10.387, 0.885
10.408, 0.897
10.408, 0.909
10.428, 0.921
10.428, 0.933
10.428, 0.944
10.449, 0.956
10.449, 0.968
10.468, 0.98
10.488, 0.991
10.488, 1.003
10.49, 1.015
10.51, 1.027
10.51, 1.039
10.53, 1.05
10.53, 1.062
10.551, 1.074
10.551, 1.086
10.571, 1.086
10.571, 1.097
10.571, 1.109
10.592, 1.121
10.592, 1.133
10.612, 1.145
10.612, 1.156
10.632, 1.168
10.633, 1.18
10.653, 1.192
10.653, 1.203
10.673, 1.215
10.673, 1.227
10.694, 1.238
10.694, 1.251
10.714, 1.262
10.714, 1.274
10.714, 1.286
10.734, 1.286
10.734, 1.298
10.755, 1.309
10.755, 1.321
10.775, 1.333
10.776, 1.345
10.776, 1.357
10.796, 1.367
10.796, 1.38
10.815, 1.392
10.837, 1.404
10.837, 1.415
10.837, 1.427
10.837, 1.439
10.837, 1.451
10.837, 1.462
10.837, 1.474
10.838, 1.486
10.838, 1.498
10.838, 1.51
10.838, 1.521
10.838, 1.533
10.838, 1.545
10.838, 1.557
10.839, 1.568
10.839, 1.58
10.839, 1.592
10.839, 1.604
10.839, 1.616
10.859, 1.627
10.859, 1.639
10.859, 1.651
10.859, 1.663
10.88, 1.674
10.88, 1.686
10.88, 1.698
10.88, 1.71
10.881, 1.722
10.901, 1.733
10.901, 1.745
10.901, 1.757
10.901, 1.769
10.901, 1.78
10.901, 1.792
10.902, 1.804
10.922, 1.815
10.922, 1.827
10.922, 1.839
10.922, 1.851
10.922, 1.863
10.923, 1.875
10.943, 1.886
10.943, 1.898
10.943, 1.91
10.943, 1.922
10.943, 1.934
10.943, 1.944
10.944, 1.956
10.944, 1.968
10.944, 1.98
10.944, 1.992
10.964, 2.004
10.964, 2.016
10.964, 2.028
10.984, 2.04
10.984, 2.051
10.984, 2.063
10.984, 2.075
10.984, 2.087
11.006, 2.098
11.006, 2.11
11.006, 2.121
11.006, 2.134
11.006, 2.146
11.026, 2.157
11.027, 2.169
11.027, 2.181
11.027, 2.193
11.027, 2.204
11.047, 2.216
11.047, 2.228
11.048, 2.24
11.048, 2.251
11.048, 2.263
11.068, 2.275
11.068, 2.287
11.068, 2.299
11.068, 2.31
11.069, 2.322
11.069, 2.334
11.069, 2.346
11.069, 2.357
11.069, 2.369
11.069, 2.381
11.09, 2.393
11.09, 2.405
11.09, 2.416
11.11, 2.428
11.11, 2.44
11.11, 2.452
11.111, 2.463
11.111, 2.475
11.111, 2.487
11.131, 2.499
11.131, 2.511
11.131, 2.522
11.131, 2.534
11.152, 2.546
11.152, 2.558
11.152, 2.569
11.152, 2.581
11.152, 2.593
11.152, 2.605
11.153, 2.617
11.173, 2.617
11.193, 2.617
11.213, 2.628
11.213, 2.64
11.213, 2.652
11.214, 2.664
11.214, 2.675
11.214, 2.687
11.214, 2.698
11.214, 2.71
11.214, 2.722
11.234, 2.734
11.234, 2.746
11.234, 2.758
11.234, 2.77
11.234, 2.781
11.234, 2.793
11.234, 2.805
11.234, 2.817
11.236, 2.829
11.236, 2.839
11.236, 2.851
11.236, 2.863
11.236, 2.876
11.236, 2.887
11.256, 2.899
11.257, 2.911
11.257, 2.923
11.277, 2.934
11.277, 2.946
11.277, 2.958
11.277, 2.97
11.298, 2.97
11.298, 2.982
11.278, 2.982
11.278, 2.992
11.278, 3.005
11.298, 3.017
11.298, 3.029
11.298, 3.04
11.298, 3.052
11.319, 3.064
11.319, 3.076
11.319, 3.088
11.319, 3.099
11.339, 3.111
11.34, 3.123
11.34, 3.135
11.34, 3.146
11.359, 3.158
11.359, 3.17
11.359, 3.182
11.361, 3.194
11.34, 3.205
11.341, 3.217
11.341, 3.229
11.341, 3.241
11.341, 3.252
11.341, 3.264
11.361, 3.276
11.362, 3.288
11.362, 3.3
11.362, 3.311
11.362, 3.323
11.362, 3.335
11.382, 3.347
11.383, 3.358
11.383, 3.37
11.383, 3.382
11.383, 3.394
11.383, 3.406
11.383, 3.417
11.403, 3.429
11.404, 3.441
11.404, 3.453
11.424, 3.453
11.424, 3.464
11.404, 3.464
11.404, 3.476
11.404, 3.488
11.404, 3.5
11.425, 3.512
11.425, 3.523
11.425, 3.535
11.425, 3.547
11.425, 3.559
11.445, 3.569
11.445, 3.581
11.446, 3.593
11.446, 3.605
11.446, 3.617
11.466, 3.629
11.466, 3.641
11.466, 3.653
11.467, 3.665
11.467, 3.676
11.467, 3.688
11.467, 3.7
11.467, 3.712
11.467, 3.722
11.467, 3.734
11.467, 3.746
11.468, 3.759
11.468, 3.771
11.468, 3.782
11.488, 3.794
11.488, 3.806
11.488, 3.818
11.488, 3.829
11.488, 3.841
11.509, 3.853
11.509, 3.865
11.509, 3.877
11.509, 3.888
11.509, 3.9
11.53, 3.912
11.53, 3.924
11.53, 3.935
11.53, 3.947
11.55, 3.947
11.55, 3.959
11.53, 3.959
11.53, 3.971
11.531, 3.983
11.531, 3.994
11.551, 4.006
11.551, 4.018
11.551, 4.03
11.551, 4.041
11.551, 4.053
11.572, 4.065
11.572, 4.077
11.572, 4.089
11.572, 4.1
11.572, 4.112
11.593, 4.124
11.593, 4.136
11.593, 4.147
11.593, 4.159
11.593, 4.171
11.573, 4.183
11.573, 4.195
11.573, 4.206
11.573, 4.218
11.573, 4.23
11.573, 4.242
11.593, 4.253
11.613, 4.265
11.635, 4.277
11.655, 4.277
11.655, 4.289
11.675, 4.301
11.694, 4.301
11.716, 4.312
11.716, 4.324
11.736, 4.324
11.756, 4.336
11.777, 4.347
11.777, 4.359
11.797, 4.359
11.817, 4.371
11.817, 4.383
11.837, 4.383
11.858, 4.395
11.878, 4.395
11.898, 4.395
11.918, 4.395
11.938, 4.395
11.959, 4.395
11.979, 4.395
11.999, 4.383
12.019, 4.383
12.039, 4.383
12.059, 4.371
12.079, 4.371
12.099, 4.359
12.119, 4.347
12.14, 4.347
12.14, 4.359
12.16, 4.359
12.16, 4.347
12.18, 4.336
12.18, 4.324
12.18, 4.312
12.2, 4.3
12.199, 4.289
12.22, 4.277
12.219, 4.265
12.238, 4.253
12.238, 4.242
12.238, 4.23
12.259, 4.218
12.259, 4.206
12.259, 4.194
12.279, 4.183
12.279, 4.171
12.279, 4.159
12.279, 4.147
12.299, 4.136
12.299, 4.124
12.319, 4.112
12.318, 4.1
12.318, 4.088
12.338, 4.077
12.338, 4.065
12.358, 4.053
12.378, 4.041
12.378, 4.03
12.378, 4.018
12.398, 4.006
12.398, 3.994
12.398, 3.983
12.398, 3.971
12.418, 3.959
12.418, 3.947
12.438, 3.935
12.438, 3.924
12.437, 3.912
12.437, 3.9
12.457, 3.888
12.457, 3.877
12.476, 3.877
12.476, 3.865
12.476, 3.853
12.476, 3.841
12.476, 3.829
12.476, 3.818
12.476, 3.806
12.476, 3.794
12.476, 3.782
12.476, 3.771
12.476, 3.759
12.476, 3.746
12.476, 3.734
12.476, 3.722
12.476, 3.712
12.475, 3.7
12.475, 3.688
12.475, 3.676
12.475, 3.665
12.495, 3.653
12.495, 3.641
12.495, 3.629
12.515, 3.617
12.535, 3.605
12.535, 3.593
12.535, 3.581
12.555, 3.569
12.555, 3.559
12.554, 3.547
12.554, 3.535
12.554, 3.523
12.573, 3.511
12.573, 3.5
12.573, 3.488
12.573, 3.476
12.573, 3.464
12.573, 3.453
12.593, 3.441
12.593, 3.429
12.593, 3.417
12.593, 3.405
12.593, 3.394
12.613, 3.382
12.613, 3.37
12.613, 3.358
12.613, 3.347
12.633, 3.335
12.633, 3.323
12.633, 3.311
12.632, 3.299
12.632, 3.288
12.632, 3.276
12.632, 3.264
12.632, 3.252
12.632, 3.241
12.632, 3.229
12.632, 3.217
12.631, 3.205
12.631, 3.193
12.631, 3.182
12.631, 3.17
12.651, 3.158
12.651, 3.146
12.651, 3.135
12.671, 3.123
12.671, 3.111
12.671, 3.099
12.67, 3.087
12.67, 3.076
12.67, 3.064
12.67, 3.052
12.69, 3.04
12.69, 3.029
12.69, 3.017
12.69, 3.005
12.69, 2.992
12.71, 2.982
12.709, 2.97
12.709, 2.958
12.709, 2.946
12.729, 2.934
12.729, 2.923
12.729, 2.911
12.729, 2.899
12.729, 2.887
12.749, 2.876
12.749, 2.863
12.749, 2.851
12.748, 2.839
12.748, 2.827
12.748, 2.817
12.748, 2.805
12.748, 2.793
12.748, 2.781
12.768, 2.77
12.768, 2.758
12.768, 2.746
12.767, 2.734
12.767, 2.722
12.767, 2.71
12.787, 2.698
12.787, 2.687
12.807, 2.675
12.807, 2.664
12.807, 2.652
12.827, 2.652
12.827, 2.64
12.827, 2.628
12.847, 2.616
12.847, 2.605
12.867, 2.593
12.867, 2.581
12.887, 2.569
12.887, 2.558
12.886, 2.546
12.886, 2.534
12.906, 2.522
12.906, 2.51
12.906, 2.499
12.906, 2.487
12.906, 2.475
12.926, 2.463
12.946, 2.452
12.966, 2.44
12.966, 2.428
12.966, 2.416
12.986, 2.404
12.986, 2.393
12.984, 2.381
13.005, 2.369
13.005, 2.357
13.005, 2.346
13.005, 2.334
13.025, 2.322
13.025, 2.31
13.025, 2.298
13.045, 2.287
13.065, 2.275
13.085, 2.263
13.105, 2.251
13.125, 2.24
13.125, 2.228
13.125, 2.216
13.145, 2.204
13.145, 2.192
13.165, 2.192
13.185, 2.181
13.185, 2.169
13.205, 2.157
13.225, 2.145
13.245, 2.134
13.245, 2.121
13.265, 2.121
13.285, 2.11
13.285, 2.098
13.305, 2.086
13.325, 2.075
13.325, 2.063
13.325, 2.051
13.325, 2.039
13.324, 2.028
13.324, 2.016
13.324, 2.004
13.324, 1.992
13.324, 1.98
13.324, 1.968
13.324, 1.956
13.324, 1.944
13.323, 1.933
13.323, 1.922
13.343, 1.91
13.343, 1.898
13.363, 1.886
13.363, 1.874
13.363, 1.863
13.383, 1.863
13.383, 1.851
13.383, 1.839
13.403, 1.827
13.403, 1.815
13.423, 1.804
13.423, 1.792
13.423, 1.78
13.423, 1.769
13.443, 1.757
13.442, 1.745
13.442, 1.733
13.442, 1.721
13.442, 1.71
13.442, 1.698
13.442, 1.686
13.462, 1.674
13.462, 1.663
13.482, 1.651
13.482, 1.639
13.48, 1.627
13.502, 1.627
13.502, 1.615
13.522, 1.604
13.521, 1.592
13.521, 1.58
13.541, 1.568
13.541, 1.557
13.561, 1.545
13.561, 1.533
13.561, 1.521
13.561, 1.509
13.561, 1.498
13.561, 1.486
13.56, 1.474
13.581, 1.462
13.58, 1.451
13.6, 1.439
13.6, 1.427
13.62, 1.415
13.62, 1.403
13.62, 1.392
13.64, 1.38
13.66, 1.367
13.68, 1.355
13.7, 1.345
13.72, 1.333
13.74, 1.321
13.76, 1.309
13.78, 1.297
13.8, 1.286
13.821, 1.274
13.841, 1.262
13.861, 1.25
13.859, 1.238
13.881, 1.227
13.901, 1.215
13.921, 1.203
13.94, 1.191
13.94, 1.18
13.94, 1.168
13.96, 1.156
13.96, 1.144
13.96, 1.133
13.96, 1.121
13.98, 1.109
13.98, 1.097
14.0, 1.097
14.0, 1.085
14.02, 1.074
14.02, 1.062
14.04, 1.05
14.06, 1.038
14.06, 1.027
14.06, 1.015
14.06, 1.003
14.08, 0.991
14.08, 0.979
14.1, 0.968
14.12, 0.956
14.119, 0.944
14.14, 0.932
14.139, 0.921
14.159, 0.909
14.179, 0.897
14.179, 0.885
14.179, 0.873
14.199, 0.862
14.219, 0.85
14.238, 0.838
14.259, 0.826
14.279, 0.815
14.299, 0.803
14.319, 0.791
14.34, 0.779
14.359, 0.767
14.38, 0.756
14.4, 0.744
14.42, 0.732
14.44, 0.72
14.46, 0.709
14.48, 0.697
14.5, 0.685
14.52, 0.673
14.54, 0.661
14.56, 0.65
14.58, 0.638
14.6, 0.626
14.62, 0.613
14.64, 0.603
14.66, 0.591
14.68, 0.579
14.7, 0.567
14.72, 0.555
14.74, 0.544
14.76, 0.532
14.781, 0.532
14.78, 0.52
14.801, 0.52
14.821, 0.52
14.841, 0.508
14.861, 0.496
14.881, 0.496
14.901, 0.484
14.921, 0.472
14.94, 0.461
14.96, 0.461
14.96, 0.449
14.98, 0.449
15.001, 0.438
15.022, 0.438
15.042, 0.426
15.062, 0.414
15.082, 0.402
15.102, 0.402
15.121, 0.391
15.142, 0.391
15.162, 0.391
15.182, 0.391
15.202, 0.379
15.223, 0.379
15.242, 0.367
15.263, 0.367
15.283, 0.367
15.303, 0.367
15.323, 0.355
15.343, 0.343
15.363, 0.332
15.383, 0.332
15.404, 0.32
15.424, 0.32
15.444, 0.32
15.464, 0.308
15.484, 0.308
15.504, 0.308
15.524, 0.296
15.544, 0.296
15.565, 0.285
15.585, 0.285
15.605, 0.273
15.625, 0.273
15.645, 0.273
15.665, 0.261
15.685, 0.261
15.705, 0.261
15.726, 0.261
15.746, 0.249
15.766, 0.249
15.786, 0.237
15.806, 0.237
15.826, 0.226
15.846, 0.226
15.866, 0.226
15.886, 0.214
15.907, 0.214
15.927, 0.202
15.947, 0.202
15.967, 0.202
15.987, 0.202
16.007, 0.202
16.028, 0.202
16.048, 0.202
16.068, 0.202
16.088, 0.19
16.108, 0.19
16.128, 0.19
16.148, 0.19
16.168, 0.179
16.189, 0.179
16.209, 0.179
16.229, 0.167
16.249, 0.167
16.269, 0.167
16.289, 0.167
16.31, 0.167
16.33, 0.167
16.35, 0.155
16.37, 0.155
16.39, 0.155
16.41, 0.155
16.43, 0.155
16.451, 0.155
16.471, 0.155
16.491, 0.155
16.511, 0.155
16.531, 0.155
16.551, 0.143
16.571, 0.143
16.592, 0.143
16.612, 0.143
16.632, 0.143
16.652, 0.143
16.672, 0.143
16.693, 0.143
16.713, 0.143
16.733, 0.143
16.753, 0.131
16.773, 0.131
16.793, 0.131
16.813, 0.131
16.834, 0.131
16.854, 0.131
16.874, 0.131
16.894, 0.131
16.914, 0.131
16.934, 0.131
16.954, 0.12
16.975, 0.12
16.995, 0.12
17.015, 0.12
17.035, 0.12
17.055, 0.12
17.075, 0.12
17.096, 0.12
17.116, 0.12
17.136, 0.12
17.156, 0.12
17.176, 0.108
17.196, 0.108
17.217, 0.108
17.237, 0.108
17.257, 0.108
17.277, 0.108
17.297, 0.108
17.317, 0.108
17.338, 0.108
17.358, 0.108
17.378, 9.602e-2
17.398, 9.602e-2
17.418, 9.601e-2
17.438, 9.601e-2
17.458, 9.601e-2
17.479, 9.601e-2
17.499, 9.601e-2
17.519, 9.601e-2
17.539, 9.601e-2
17.559, 9.601e-2
17.579, 8.423e-2
17.6, 8.423e-2
17.62, 8.423e-2
17.64, 8.422e-2
17.66, 8.422e-2
17.68, 8.422e-2
17.7, 8.422e-2
17.721, 8.422e-2
17.741, 8.422e-2
17.761, 8.422e-2
17.781, 8.421e-2
17.801, 7.244e-2
17.821, 7.244e-2
17.841, 7.243e-2
17.862, 7.243e-2
17.882, 7.243e-2
17.902, 7.243e-2
17.922, 7.243e-2
17.942, 7.243e-2
17.962, 7.243e-2
17.983, 7.243e-2
18.003, 6.065e-2
18.023, 6.065e-2
18.043, 6.064e-2
18.063, 6.064e-2
18.083, 6.064e-2
18.104, 6.064e-2
18.124, 6.064e-2
18.144, 6.064e-2
18.164, 6.064e-2
18.184, 6.064e-2
18.204, 4.886e-2
18.224, 4.886e-2
18.245, 4.886e-2
18.265, 4.885e-2
18.285, 4.885e-2
18.305, 4.885e-2
18.325, 4.885e-2
18.345, 4.885e-2
18.366, 4.885e-2
18.386, 3.707e-2
18.406, 3.707e-2
18.426, 3.707e-2
18.446, 3.707e-2
18.466, 3.706e-2
18.487, 3.706e-2
18.507, 3.706e-2
18.527, 3.706e-2
18.547, 3.706e-2
18.567, 3.706e-2
18.587, 3.706e-2
18.607, 2.528e-2
18.628, 2.528e-2
18.648, 2.528e-2
18.668, 2.528e-2
18.688, 2.527e-2
18.708, 2.527e-2
18.728, 2.527e-2
18.749, 2.527e-2
18.769, 2.527e-2
18.789, 2.527e-2
18.809, 1.349e-2
18.829, 1.349e-2
18.849, 1.349e-2
18.869, 1.349e-2
18.89, 1.348e-2
18.91, 1.348e-2
18.93, 1.348e-2
18.95, 1.348e-2
18.97, 1.348e-2
18.991, 1.348e-2
19.011, 1.7e-3
19.031, 1.699e-3
19.051, 1.698e-3
19.071, 1.696e-3
19.091, 1.695e-3
19.111, 1.694e-3
19.132, 1.692e-3
19.152, 1.691e-3
19.172, 1.69e-3
19.192, 1.688e-3
19.212, -1.009e-2
19.232, -1.009e-2
19.252, -1.009e-2
19.273, -1.009e-2
19.293, -1.009e-2
19.313, -1.01e-2
19.333, -1.01e-2
19.353, -1.01e-2
19.373, -1.01e-2
19.394, -1.01e-2
19.414, -1.01e-2
19.434, -2.188e-2
19.454, -2.188e-2
19.474, -2.188e-2
19.494, -2.188e-2
19.515, -2.189e-2
19.535, -2.189e-2
19.555, -2.189e-2
19.575, -2.189e-2
19.595, -2.189e-2
19.615, -2.189e-2
19.635, -3.367e-2
19.656, -3.367e-2
19.676, -3.367e-2
19.696, -3.367e-2
19.716, -3.367e-2
19.736, -3.368e-2
19.756, -3.368e-2
19.777, -3.368e-2
19.797, -3.368e-2
19.817, -3.368e-2
19.837, -4.546e-2
19.857, -4.546e-2
19.877, -4.546e-2
19.898, -4.546e-2
19.918, -4.546e-2
19.938, -4.547e-2
19.958, -5.724e-2
19.978, -5.724e-2
19.998, -5.725e-2
20.018, -5.725e-2
20.039, -5.725e-2
20.059, -5.725e-2
20.079, -5.725e-2
20.099, -5.725e-2
20.119, -5.725e-2
20.139, -5.725e-2
20.16, -5.726e-2
20.18, -5.726e-2
20.2, -5.726e-2
20.22, -5.726e-2
20.24, -5.726e-2
20.26, -5.726e-2
20.281, -5.726e-2
20.301, -5.727e-2
20.321, -5.727e-2
20.341, -5.727e-2
20.361, -5.727e-2
20.381, -5.727e-2
20.402, -5.727e-2
20.422, -5.727e-2
20.442, -5.727e-2
20.462, -5.728e-2
20.482, -5.728e-2
20.503, -5.728e-2
20.523, -5.728e-2
20.543, -5.728e-2
20.563, -5.728e-2
20.583, -5.728e-2
20.603, -5.729e-2
20.624, -5.729e-2
20.644, -5.729e-2
20.664, -5.729e-2
20.684, -5.729e-2
20.704, -5.729e-2
20.724, -5.729e-2
20.745, -5.729e-2
20.765, -5.73e-2
20.785, -5.73e-2
20.805, -5.73e-2
20.825, -5.73e-2
20.845, -5.73e-2
20.866, -5.73e-2
20.886, -5.73e-2
20.906, -5.73e-2
20.926, -5.731e-2
20.946, -5.731e-2
20.966, -5.731e-2
20.987, -5.731e-2
21.007, -5.731e-2
21.027, -5.731e-2
21.047, -5.731e-2
21.067, -5.732e-2
21.087, -5.732e-2
21.108, -5.732e-2
21.128, -5.732e-2
21.148, -6.91e-2
21.168, -6.91e-2
21.188, -6.91e-2
21.208, -6.91e-2
21.229, -6.91e-2
21.249, -6.91e-2
21.269, -6.91e-2
21.289, -6.911e-2
21.309, -6.911e-2
21.329, -6.911e-2
21.35, -6.911e-2
21.37, -6.911e-2
21.39, -6.911e-2
21.41, -6.911e-2
21.43, -6.912e-2
21.45, -6.912e-2
21.471, -6.912e-2
21.491, -6.912e-2
21.511, -6.912e-2
21.531, -6.912e-2
21.551, -6.912e-2
21.571, -6.912e-2
21.592, -6.913e-2
21.612, -6.913e-2
21.632, -6.913e-2
21.652, -6.913e-2
21.672, -6.913e-2
21.692, -6.913e-2
21.713, -6.913e-2
21.733, -6.914e-2
21.753, -6.914e-2
21.773, -6.914e-2
21.793, -6.914e-2
21.813, -6.914e-2
21.834, -6.914e-2
21.854, -6.914e-2
21.874, -6.914e-2
21.894, -6.915e-2
21.914, -6.915e-2
21.934, -6.915e-2
21.955, -6.915e-2
21.975, -6.915e-2
21.995, -6.915e-2
22.015, -6.915e-2
22.035, -6.916e-2
22.055, -6.916e-2
22.076, -6.916e-2
22.096, -6.916e-2
22.116, -6.916e-2
22.136, -6.916e-2
22.156, -6.916e-2
22.177, -6.916e-2
22.197, -6.917e-2
22.217, -6.917e-2
22.237, -6.917e-2
22.257, -6.917e-2
22.277, -6.917e-2
22.298, -6.917e-2
22.318, -6.917e-2
22.338, -6.917e-2
22.358, -6.918e-2
22.378, -6.918e-2
22.398, -6.918e-2
22.419, -6.918e-2
22.439, -6.918e-2
22.459, -6.918e-2
22.479, -6.918e-2
22.499, -6.919e-2
22.519, -6.919e-2
22.54, -6.919e-2
22.56, -6.919e-2
22.58, -6.919e-2
22.6, -6.919e-2
22.62, -6.919e-2
22.64, -6.919e-2
22.661, -6.92e-2
22.681, -6.92e-2
22.701, -6.92e-2
22.721, -6.92e-2
22.741, -6.92e-2
22.761, -6.92e-2
22.782, -6.92e-2
22.802, -6.921e-2
22.822, -6.921e-2
22.842, -6.921e-2
22.862, -6.921e-2
22.882, -6.921e-2
22.903, -6.921e-2
22.923, -6.921e-2
22.943, -6.921e-2
22.963, -6.922e-2
22.983, -6.922e-2
23.004, -6.922e-2
23.024, -6.922e-2
23.044, -6.922e-2
23.064, -6.922e-2
23.084, -6.922e-2
23.104, -6.923e-2
23.125, -6.923e-2
23.145, -6.923e-2
23.165, -6.923e-2
23.185, -6.923e-2
23.205, -6.923e-2
23.225, -6.923e-2
23.246, -6.923e-2
23.266, -6.924e-2
23.286, -6.924e-2
23.306, -6.924e-2
23.326, -6.924e-2
23.346, -6.924e-2
23.367, -6.924e-2
23.387, -6.924e-2
23.407, -6.924e-2
23.427, -6.925e-2
23.447, -6.925e-2
23.467, -6.925e-2
23.488, -6.925e-2
23.508, -6.925e-2
23.528, -6.925e-2
23.548, -6.925e-2
23.568, -6.926e-2
23.588, -6.926e-2
23.609, -6.926e-2
23.629, -6.926e-2
23.649, -6.926e-2
23.669, -6.926e-2
23.689, -6.926e-2
23.71, -5.749e-2
23.73, -5.749e-2
23.75, -5.749e-2
23.77, -5.749e-2
23.79, -5.749e-2
23.81, -5.749e-2
23.831, -4.572e-2
23.851, -4.572e-2
23.871, -4.572e-2
23.891, -4.572e-2
23.912, -3.395e-2
23.932, -3.395e-2
23.952, -3.395e-2
23.972, -2.218e-2
23.992, -2.218e-2
24.013, -2.218e-2
24.013, -1.04e-2
24.033, -1.04e-2
24.033, 1.372e-3
24.033, 1.315e-2
24.033, 2.492e-2
24.053, 2.492e-2
24.074, 3.67e-2
24.094, 4.847e-2
24.094, 6.025e-2
24.114, 7.202e-2
24.115, 8.38e-2
24.135, 9.558e-2
24.135, 0.107
24.135, 0.119
24.155, 0.119
24.155, 0.131
24.176, 0.143
24.176, 0.154
24.176, 0.166
24.196, 0.178
24.196, 0.19
24.217, 0.202
24.217, 0.213
24.217, 0.225
24.237, 0.237
24.237, 0.249
24.237, 0.26
24.258, 0.272
24.258, 0.284
24.278, 0.284
24.278, 0.296
24.299, 0.308
24.319, 0.319
24.319, 0.331
24.319, 0.343
24.319, 0.355
24.319, 0.366
24.319, 0.378
24.32, 0.39
24.34, 0.402
24.34, 0.414
24.34, 0.425
24.34, 0.437
24.361, 0.449
24.361, 0.461
24.361, 0.472
24.381, 0.484
24.381, 0.496
24.381, 0.508
24.382, 0.52
24.382, 0.531
24.402, 0.543
24.402, 0.555
24.402, 0.567
24.402, 0.577
24.402, 0.589
24.423, 0.601
24.423, 0.613
24.423, 0.625
24.423, 0.637
24.423, 0.649
24.444, 0.661
24.444, 0.673
24.444, 0.684
24.444, 0.696
24.424, 0.708
24.424, 0.72
24.424, 0.73
24.424, 0.742
24.424, 0.755
24.425, 0.767
24.425, 0.779
24.425, 0.79
24.425, 0.802
24.425, 0.814
24.445, 0.826
24.446, 0.837
24.446, 0.849
24.446, 0.861
24.446, 0.873
24.446, 0.885
24.466, 0.896
24.466, 0.908
24.467, 0.92
24.467, 0.932
24.467, 0.943
24.467, 0.955
24.467, 0.967
24.487, 0.979
24.488, 0.991
24.488, 1.002
24.488, 1.014
24.488, 1.026
24.488, 1.038
24.488, 1.049
24.508, 1.061
24.509, 1.073
24.509, 1.085
24.509, 1.097
24.509, 1.108
24.509, 1.12
24.529, 1.132
24.53, 1.144
24.53, 1.155
24.53, 1.167
24.53, 1.179
24.53, 1.191
24.53, 1.203
24.55, 1.214
24.551, 1.226
24.551, 1.238
24.551, 1.25
24.551, 1.261
24.551, 1.273
24.571, 1.285
24.572, 1.297
24.572, 1.309
24.572, 1.32
24.572, 1.332
24.572, 1.343
24.592, 1.355
24.592, 1.367
24.593, 1.379
24.593, 1.391
24.593, 1.403
24.593, 1.414
24.593, 1.426
24.613, 1.438
24.613, 1.45
24.613, 1.462
24.613, 1.472
24.613, 1.484
24.613, 1.496
24.634, 1.509
24.634, 1.52
24.635, 1.532
24.635, 1.544
24.635, 1.556
24.635, 1.568
24.635, 1.579
24.655, 1.591
24.656, 1.603
24.656, 1.615
24.656, 1.626
24.656, 1.638
24.656, 1.65
24.676, 1.662
24.677, 1.674
24.677, 1.685
24.677, 1.697
24.677, 1.709
24.677, 1.721
24.677, 1.732
24.697, 1.744
24.698, 1.756
24.698, 1.768
24.698, 1.78
24.698, 1.791
24.698, 1.803
24.698, 1.815
24.718, 1.827
24.718, 1.838
24.718, 1.85
24.718, 1.862
24.718, 1.874
24.718, 1.886
24.738, 1.897
24.74, 1.909
24.74, 1.921
24.74, 1.933
24.74, 1.944
24.74, 1.956
24.74, 1.968
24.761, 1.98
24.761, 1.992
24.761, 2.003
24.761, 2.015
24.761, 2.027
24.761, 2.039
24.781, 2.05
24.782, 2.062
24.782, 2.074
24.782, 2.086
24.782, 2.097
24.782, 2.109
24.782, 2.121
24.803, 2.133
24.803, 2.145
24.803, 2.156
24.803, 2.168
24.803, 2.18
24.803, 2.192
24.803, 2.203
24.823, 2.215
24.823, 2.227
24.823, 2.238
24.823, 2.251
24.823, 2.262
24.823, 2.274
24.845, 2.286
24.845, 2.298
24.845, 2.309
24.845, 2.321
24.845, 2.333
24.845, 2.345
24.866, 2.357
24.866, 2.367
24.866, 2.38
24.866, 2.392
24.866, 2.404
24.866, 2.415
24.886, 2.427
24.887, 2.439
24.887, 2.451
24.887, 2.463
24.887, 2.474
24.887, 2.486
24.887, 2.498
24.908, 2.51
24.908, 2.521
24.908, 2.533
24.908, 2.545
24.908, 2.557
24.908, 2.569
24.928, 2.58
24.929, 2.592
24.929, 2.604
24.929, 2.616
24.929, 2.627
24.929, 2.639
24.929, 2.651
24.95, 2.663
24.95, 2.675
24.95, 2.686
24.95, 2.698
24.95, 2.71
24.95, 2.722
24.95, 2.733
24.971, 2.745
24.971, 2.757
24.971, 2.769
24.971, 2.781
24.971, 2.792
24.971, 2.804
24.992, 2.815
24.992, 2.827
24.992, 2.839
24.992, 2.851
24.992, 2.863
24.992, 2.875
24.992, 2.886
25.013, 2.898
25.013, 2.91
25.013, 2.922
25.013, 2.934
25.013, 2.944
25.013, 2.956
25.034, 2.968
25.034, 2.98
25.034, 2.992
25.034, 3.004
25.034, 3.016
25.034, 3.028
25.034, 3.04
25.055, 3.051
25.055, 3.063
25.055, 3.075
25.055, 3.087
25.055, 3.098
25.055, 3.11
25.055, 3.121
25.076, 3.134
25.076, 3.146
25.076, 3.157
25.076, 3.169
25.076, 3.181
25.076, 3.193
25.097, 3.204
25.097, 3.216
25.097, 3.228
25.097, 3.24
25.097, 3.252
25.097, 3.263
25.097, 3.275
25.117, 3.287
25.117, 3.299
25.117, 3.31
25.117, 3.322
25.117, 3.334
25.139, 3.346
25.139, 3.358
25.139, 3.369
25.139, 3.381
25.139, 3.393
25.139, 3.405
25.139, 3.416
25.16, 3.428
25.16, 3.44
25.16, 3.452
25.16, 3.464
25.16, 3.475
25.16, 3.487
25.16, 3.499
25.181, 3.511
25.181, 3.522
25.181, 3.534
25.181, 3.546
25.181, 3.558
25.181, 3.569
25.202, 3.581
25.202, 3.593
25.202, 3.605
25.202, 3.617
25.202, 3.628
25.202, 3.64
25.202, 3.652
25.223, 3.664
25.223, 3.675
25.223, 3.687
25.223, 3.698
25.223, 3.71
25.223, 3.722
25.244, 3.734
25.244, 3.746
25.244, 3.758
25.244, 3.77
25.244, 3.781
25.244, 3.793
25.244, 3.805
25.265, 3.817
25.265, 3.829
25.265, 3.839
25.265, 3.851
25.265, 3.863
25.265, 3.876
25.265, 3.887
25.286, 3.899
25.286, 3.911
25.286, 3.923
25.286, 3.935
25.286, 3.946
25.286, 3.958
25.307, 3.97
25.307, 3.982
25.307, 3.992
25.307, 4.005
25.307, 4.017
25.307, 4.029
25.307, 4.041
25.328, 4.052
25.328, 4.064
25.328, 4.076
25.328, 4.088
25.328, 4.099
25.328, 4.111
25.349, 4.123
25.349, 4.135
25.349, 4.147
25.349, 4.158
25.349, 4.17
25.349, 4.182
25.349, 4.194
25.37, 4.205
25.37, 4.217
25.37, 4.229
25.37, 4.241
25.37, 4.253
25.37, 4.264
25.371, 4.276
25.391, 4.288
25.391, 4.3
25.391, 4.311
25.391, 4.323
25.391, 4.335
25.412, 4.347
25.412, 4.358
25.412, 4.37
25.412, 4.382
25.412, 4.394
25.412, 4.406
25.412, 4.417
25.433, 4.429
25.433, 4.441
25.433, 4.453
25.433, 4.464
25.433, 4.476
25.433, 4.488
25.454, 4.5
25.454, 4.512
25.454, 4.523
25.454, 4.535
25.454, 4.547
25.454, 4.559
25.454, 4.569
25.475, 4.581
25.475, 4.593
25.475, 4.605
25.475, 4.617
25.475, 4.629
25.475, 4.641
25.476, 4.653
25.496, 4.665
25.496, 4.676
25.496, 4.688
25.496, 4.7
25.496, 4.712
25.496, 4.724
25.517, 4.734
25.517, 4.746
25.517, 4.759
25.517, 4.771
25.517, 4.782
25.517, 4.794
25.518, 4.806
25.538, 4.818
25.538, 4.83
25.538, 4.841
25.538, 4.853
25.538, 4.865
25.538, 4.877
25.559, 4.888
25.559, 4.9
25.559, 4.912
25.559, 4.924
25.579, 4.936
25.58, 4.947
25.6, 4.959
25.62, 4.971
25.62, 4.983
25.641, 4.994
25.641, 5.006
25.661, 5.018
25.661, 5.03
25.681, 5.03
25.681, 5.041
25.702, 5.053
25.702, 5.065
25.722, 5.077
25.722, 5.089
25.742, 5.1
25.763, 5.112
25.763, 5.124
25.783, 5.124
25.804, 5.136
25.804, 5.147
25.823, 5.159
25.843, 5.159
25.843, 5.171
25.865, 5.183
25.885, 5.195
25.905, 5.206
25.925, 5.218
25.926, 5.23
25.946, 5.23
25.946, 5.242
25.966, 5.253
25.986, 5.265
26.007, 5.277
26.027, 5.289
26.027, 5.301
26.027, 5.312
26.048, 5.312
26.068, 5.324
26.088, 5.324
26.088, 5.312
26.108, 5.301
26.108, 5.289
26.108, 5.277
26.128, 5.265
26.128, 5.253
26.127, 5.242
26.147, 5.23
26.147, 5.218
26.167, 5.206
26.167, 5.195
26.167, 5.183
26.187, 5.171
26.187, 5.159
26.207, 5.147
26.207, 5.136
26.207, 5.124
26.227, 5.112
26.227, 5.1
26.227, 5.089
26.246, 5.077
26.246, 5.065
26.246, 5.053
26.267, 5.053
26.266, 5.041
26.266, 5.03
26.286, 5.018
26.286, 5.006
26.286, 4.994
26.306, 4.983
26.306, 4.971
26.306, 4.959
26.326, 4.947
26.326, 4.935
26.326, 4.924
26.346, 4.912
26.346, 4.9
26.345, 4.888
26.365, 4.877
26.365, 4.865
26.385, 4.853
26.385, 4.841
26.385, 4.829
26.405, 4.818
26.405, 4.806
26.425, 4.794
26.425, 4.782
26.425, 4.771
26.445, 4.759
26.445, 4.746
26.445, 4.734
26.465, 4.722
26.465, 4.712
26.464, 4.7
26.484, 4.688
26.484, 4.676
26.504, 4.665
26.504, 4.653
26.504, 4.641
26.524, 4.629
26.524, 4.617
26.524, 4.605
26.544, 4.593
26.544, 4.581
26.544, 4.569
26.564, 4.559
26.564, 4.547
26.563, 4.535
26.583, 4.523
26.583, 4.512
26.603, 4.5
26.603, 4.488
26.623, 4.476
26.623, 4.464
26.623, 4.453
26.643, 4.441
26.643, 4.429
26.643, 4.417
26.663, 4.406
26.663, 4.394
26.663, 4.382
26.683, 4.37
26.683, 4.358
26.682, 4.347
26.702, 4.335
26.702, 4.323
26.722, 4.311
26.722, 4.3
26.722, 4.288
26.742, 4.276
26.742, 4.264
26.742, 4.252
26.762, 4.241
26.762, 4.229
26.762, 4.217
26.782, 4.205
26.782, 4.194
26.781, 4.182
26.801, 4.17
26.801, 4.158
26.801, 4.146
26.821, 4.146
26.821, 4.135
26.841, 4.123
26.841, 4.111
26.841, 4.099
26.861, 4.088
26.861, 4.076
26.861, 4.064
26.881, 4.052
26.881, 4.04
26.881, 4.029
26.901, 4.017
26.901, 4.005
26.9, 3.992
26.92, 3.982
26.92, 3.97
26.94, 3.958
26.94, 3.946
26.94, 3.934
26.96, 3.923
26.96, 3.911
26.96, 3.899
26.94, 3.887
26.939, 3.876
26.939, 3.863
26.919, 3.851
26.919, 3.839
26.919, 3.827
26.898, 3.817
26.898, 3.805
26.878, 3.793
26.878, 3.781
26.878, 3.77
26.858, 3.758
26.857, 3.746
26.857, 3.734
26.857, 3.722
26.857, 3.71
26.857, 3.698
26.857, 3.687
26.857, 3.675
26.877, 3.664
26.877, 3.652
26.876, 3.64
26.876, 3.628
26.896, 3.616
26.896, 3.605
26.896, 3.593
26.896, 3.581
26.916, 3.569
26.916, 3.558
26.936, 3.546
26.936, 3.534
26.936, 3.522
26.956, 3.511
26.956, 3.499
26.955, 3.487
26.955, 3.475
26.955, 3.463
26.955, 3.452
26.955, 3.44
26.975, 3.428
26.975, 3.416
26.975, 3.405
26.975, 3.393
26.974, 3.381
26.974, 3.369
26.994, 3.357
26.994, 3.346
26.994, 3.334
26.994, 3.322
26.994, 3.31
26.994, 3.299
26.994, 3.287
26.992, 3.275
26.992, 3.263
26.992, 3.251
26.992, 3.24
26.992, 3.228
27.013, 3.216
27.013, 3.204
27.013, 3.193
27.033, 3.181
27.033, 3.169
27.032, 3.157
27.053, 3.145
27.052, 3.134
27.052, 3.121
27.052, 3.11
27.052, 3.098
27.052, 3.087
27.072, 3.075
27.072, 3.063
27.072, 3.051
27.072, 3.039
27.071, 3.028
27.071, 3.016
27.091, 3.004
27.091, 2.992
27.091, 2.98
27.091, 2.968
27.091, 2.956
27.091, 2.944
27.091, 2.933
27.09, 2.922
27.09, 2.91
27.09, 2.898
27.11, 2.886
27.11, 2.875
27.11, 2.863
27.11, 2.851
27.11, 2.839
27.11, 2.827
27.109, 2.815
27.129, 2.804
27.129, 2.792
27.149, 2.78
27.149, 2.769
27.149, 2.757
27.149, 2.745
27.149, 2.733
27.149, 2.721
27.149, 2.71
27.148, 2.698
27.169, 2.686
27.168, 2.674
27.168, 2.663
27.168, 2.651
27.188, 2.639
27.188, 2.627
27.188, 2.615
27.188, 2.604
27.188, 2.592
27.208, 2.58
27.208, 2.568
27.207, 2.557
27.207, 2.545
27.207, 2.533
27.207, 2.521
27.207, 2.51
27.207, 2.498
27.207, 2.486
27.227, 2.474
27.227, 2.462
27.226, 2.451
27.246, 2.439
27.246, 2.427
27.246, 2.415
27.246, 2.404
27.246, 2.392
27.266, 2.38
27.266, 2.367
27.266, 2.355
27.266, 2.345
27.286, 2.333
27.286, 2.321
27.285, 2.309
27.285, 2.298
27.305, 2.286
27.305, 2.274
27.325, 2.262
27.325, 2.25
27.325, 2.238
27.325, 2.227
27.325, 2.215
27.345, 2.203
27.345, 2.192
27.365, 2.18
27.365, 2.168
27.363, 2.156
27.363, 2.144
27.363, 2.133
27.363, 2.121
27.384, 2.109
27.384, 2.097
27.404, 2.086
27.404, 2.074
27.404, 2.062
27.424, 2.062
27.424, 2.05
27.424, 2.038
27.444, 2.038
27.464, 2.038
27.464, 2.027
27.464, 2.015
27.484, 2.003
27.484, 1.991
27.484, 1.98
27.483, 1.968
27.483, 1.956
27.483, 1.944
27.483, 1.932
27.483, 1.921
27.483, 1.909
27.483, 1.897
27.482, 1.885
27.503, 1.874
27.502, 1.862
27.502, 1.85
27.502, 1.838
27.522, 1.838
27.542, 1.838
27.542, 1.826
27.542, 1.815
27.562, 1.803
27.562, 1.791
27.581, 1.779
27.581, 1.768
27.581, 1.756
27.601, 1.756
27.601, 1.744
27.621, 1.732
27.621, 1.72
27.621, 1.709
27.642, 1.697
27.642, 1.685
27.662, 1.673
27.662, 1.662
27.661, 1.65
27.682, 1.638
27.681, 1.626
27.701, 1.613
27.701, 1.603
27.701, 1.591
27.721, 1.579
27.721, 1.567
27.721, 1.556
27.721, 1.544
27.741, 1.532
27.741, 1.52
27.761, 1.52
27.761, 1.508
27.781, 1.496
27.781, 1.484
27.801, 1.472
27.821, 1.461
27.841, 1.45
27.841, 1.438
27.861, 1.426
27.861, 1.414
27.881, 1.402
27.901, 1.402
27.901, 1.391
27.921, 1.379
27.921, 1.367
27.92, 1.355
27.92, 1.343
27.94, 1.332
27.94, 1.32
27.96, 1.32
27.96, 1.308
27.98, 1.297
28.0, 1.285
28.0, 1.273
28.02, 1.273
28.02, 1.261
28.04, 1.249
28.06, 1.238
28.06, 1.226
28.08, 1.214
28.08, 1.202
28.08, 1.191
28.1, 1.179
28.12, 1.167
28.14, 1.155
28.14, 1.143
28.14, 1.132
28.16, 1.12
28.16, 1.108
28.16, 1.096
28.18, 1.085
28.18, 1.073
28.2, 1.061
28.199, 1.049
28.22, 1.037
28.219, 1.026
28.219, 1.014
28.238, 1.002
28.259, 0.99
28.259, 0.979
28.279, 0.967
28.279, 0.955
28.299, 0.943
28.299, 0.931
28.319, 0.92
28.319, 0.908
28.339, 0.896
28.339, 0.884
28.339, 0.873
28.359, 0.873
28.379, 0.861
28.399, 0.849
28.399, 0.837
28.399, 0.825
28.419, 0.814
28.439, 0.814
28.439, 0.802
28.459, 0.802
28.479, 0.79
28.499, 0.778
28.519, 0.778
28.519, 0.767
28.539, 0.755
28.559, 0.755
28.579, 0.742
28.599, 0.73
28.619, 0.718
28.64, 0.718
28.66, 0.708
28.66, 0.696
28.68, 0.696
28.7, 0.684
28.72, 0.672
28.74, 0.661
28.76, 0.649
28.78, 0.649
28.8, 0.637
28.819, 0.637
28.819, 0.625
28.839, 0.625
28.859, 0.613
28.88, 0.601
28.9, 0.589
28.92, 0.577
28.94, 0.565
28.96, 0.555
28.98, 0.555
29.001, 0.555
29.021, 0.543
29.021, 0.531
29.041, 0.531
29.061, 0.531
29.081, 0.519
29.101, 0.519
29.101, 0.507
29.121, 0.496
29.141, 0.496
29.161, 0.484
29.161, 0.472
29.182, 0.472
29.202, 0.46
29.222, 0.449
29.242, 0.437
29.262, 0.437
29.282, 0.425
29.282, 0.413
29.302, 0.413
29.322, 0.401
29.342, 0.39
29.362, 0.39
29.382, 0.378
29.402, 0.378
29.423, 0.378
29.443, 0.366
29.463, 0.366
29.483, 0.366
29.503, 0.354
29.523, 0.354
29.543, 0.343
29.563, 0.343
29.583, 0.331
29.604, 0.331
29.624, 0.331
29.644, 0.331
29.664, 0.331
29.684, 0.331
29.704, 0.319
29.724, 0.319
29.724, 0.307
29.745, 0.307
29.765, 0.295
29.785, 0.295
29.805, 0.284
29.825, 0.272
29.845, 0.272
29.865, 0.272
29.885, 0.272
29.905, 0.26
29.925, 0.248
29.946, 0.248
29.966, 0.248
29.986, 0.248
30.006, 0.248
30.026, 0.248
30.046, 0.237
30.066, 0.237
30.087, 0.237
30.107, 0.225
30.127, 0.225
30.147, 0.225
30.167, 0.225
30.187, 0.225
30.208, 0.225
30.228, 0.213
30.248, 0.213
30.268, 0.213
30.288, 0.213
30.308, 0.213
30.328, 0.213
30.349, 0.213
30.369, 0.201
30.389, 0.201
30.409, 0.201
30.429, 0.201
30.449, 0.201
30.468, 0.201
30.49, 0.201
30.51, 0.201
30.53, 0.189
30.55, 0.189
30.569, 0.189
30.589, 0.189
30.611, 0.189
30.631, 0.189
30.651, 0.189
30.671, 0.189
30.69, 0.178
30.71, 0.178
30.73, 0.178
30.752, 0.178
30.772, 0.178
30.792, 0.178
30.812, 0.178
30.831, 0.178
30.851, 0.178
30.871, 0.166
30.893, 0.166
30.913, 0.166
30.933, 0.166
30.952, 0.166
30.972, 0.166
30.994, 0.166
31.014, 0.166
31.034, 0.154
31.054, 0.154
31.074, 0.154
31.094, 0.154
31.114, 0.154
31.135, 0.154
31.155, 0.154
31.175, 0.154
31.195, 0.142
31.215, 0.142
31.234, 0.142
31.255, 0.142
31.276, 0.142
31.296, 0.142
31.316, 0.142
31.336, 0.142
31.355, 0.142
31.376, 0.13
31.397, 0.13
31.417, 0.13
31.437, 0.13
31.457, 0.13
31.476, 0.13
31.496, 0.13
31.518, 0.13
31.538, 0.119
31.558, 0.119
31.577, 0.119
31.597, 0.119
31.617, 0.119
31.638, 0.119
31.659, 0.119
31.679, 0.107
31.698, 0.107
31.718, 0.107
31.738, 0.107
31.759, 0.107
31.78, 0.107
31.8, 0.107
31.819, 0.107
31.839, 0.107
31.859, 9.507e-2
31.88, 9.507e-2
31.9, 9.507e-2
31.921, 9.507e-2
31.94, 9.506e-2
31.96, 9.506e-2
31.98, 9.506e-2
32.001, 9.506e-2
32.021, 8.328e-2
32.041, 8.328e-2
32.062, 8.328e-2
32.082, 8.328e-2
32.102, 8.328e-2
32.121, 8.328e-2
32.142, 8.327e-2
32.162, 8.327e-2
32.183, 7.15e-2
32.203, 7.149e-2
32.223, 7.149e-2
32.242, 7.149e-2
32.263, 7.149e-2
32.283, 7.149e-2
32.304, 7.149e-2
32.324, 7.149e-2
32.343, 7.149e-2
32.363, 5.971e-2
32.384, 5.971e-2
32.404, 5.971e-2
32.424, 5.97e-2
32.445, 5.97e-2
32.465, 5.97e-2
32.484, 5.97e-2
32.505, 5.97e-2
32.525, 4.792e-2
32.545, 4.792e-2
32.565, 4.792e-2
32.585, 4.792e-2
32.605, 4.792e-2
32.626, 4.791e-2
32.646, 4.791e-2
32.666, 4.791e-2
32.686, 3.613e-2
32.706, 3.613e-2
32.726, 3.613e-2
32.746, 3.613e-2
32.767, 3.613e-2
32.787, 3.613e-2
32.807, 3.613e-2
32.827, 3.613e-2
32.847, 3.612e-2
32.867, 2.435e-2
32.888, 2.434e-2
32.908, 2.434e-2
32.928, 2.434e-2
32.948, 2.434e-2
32.968, 2.434e-2
32.988, 2.434e-2
33.009, 2.434e-2
33.029, 1.256e-2
33.049, 1.256e-2
33.069, 1.256e-2
33.09, 1.256e-2
33.11, 1.255e-2
33.13, 1.255e-2
33.15, 1.255e-2
33.17, 1.255e-2
33.19, 7.726e-4
33.21, 7.713e-4
33.231, 7.7e-4
33.251, 7.687e-4
33.271, 7.674e-4
33.291, 7.66e-4
33.311, 7.647e-4
33.331, 7.634e-4
33.351, 7.621e-4
33.371, -1.102e-2
33.392, -1.102e-2
33.412, -1.102e-2
33.432, -1.102e-2
33.452, -1.102e-2
33.472, -1.102e-2
33.492, -1.102e-2
33.513, -1.102e-2
33.533, -2.28e-2
33.553, -2.28e-2
33.573, -2.28e-2
33.593, -2.281e-2
33.613, -2.281e-2
33.634, -2.281e-2
33.654, -2.281e-2
33.674, -2.281e-2
33.694, -3.459e-2
33.714, -3.459e-2
33.734, -3.459e-2
33.755, -3.459e-2
33.775, -3.459e-2
33.795, -3.46e-2
33.815, -3.46e-2
33.835, -3.46e-2
33.855, -3.46e-2
33.876, -4.638e-2
33.896, -4.638e-2
33.916, -4.638e-2
33.936, -4.638e-2
33.956, -4.638e-2
33.976, -4.638e-2
33.996, -4.639e-2
34.017, -5.816e-2
34.037, -5.816e-2
34.057, -5.817e-2
34.077, -5.817e-2
34.097, -5.817e-2
34.117, -5.817e-2
34.138, -5.817e-2
34.158, -5.817e-2
34.178, -5.817e-2
34.198, -5.817e-2
34.218, -5.818e-2
34.238, -5.818e-2
34.259, -5.818e-2
34.279, -5.818e-2
34.299, -5.818e-2
34.319, -5.818e-2
34.339, -5.818e-2
34.359, -5.819e-2
34.38, -6.996e-2
34.4, -6.996e-2
34.42, -6.997e-2
34.44, -6.997e-2
34.46, -6.997e-2
34.48, -6.997e-2
34.501, -6.997e-2
34.521, -6.997e-2
34.541, -6.997e-2
34.561, -6.997e-2
34.581, -6.998e-2
34.601, -6.998e-2
34.621, -6.998e-2
34.642, -6.998e-2
34.662, -6.998e-2
34.682, -6.998e-2
34.702, -6.998e-2
34.722, -6.999e-2
34.742, -6.999e-2
34.763, -6.999e-2
34.783, -6.999e-2
34.803, -6.999e-2
34.823, -6.999e-2
34.843, -6.999e-2
34.863, -8.177e-2
34.884, -8.177e-2
34.904, -8.177e-2
34.924, -8.177e-2
34.944, -8.178e-2
34.964, -8.178e-2
34.984, -8.178e-2
35.005, -8.178e-2
35.025, -8.178e-2
35.045, -8.178e-2
35.065, -8.178e-2
35.085, -8.179e-2
35.106, -8.179e-2
35.126, -8.179e-2
35.146, -8.179e-2
35.166, -8.179e-2
35.186, -8.179e-2
35.206, -8.179e-2
35.227, -8.179e-2
35.246, -8.18e-2
35.267, -8.18e-2
35.287, -8.18e-2
35.307, -8.18e-2
35.327, -8.18e-2
35.347, -8.18e-2
35.367, -8.18e-2
35.388, -8.18e-2
35.408, -8.181e-2
35.428, -8.181e-2
35.448, -8.181e-2
35.468, -8.181e-2
35.488, -8.181e-2
35.509, -8.181e-2
35.529, -8.181e-2
35.549, -8.182e-2
35.569, -8.182e-2
35.589, -8.182e-2
35.609, -8.182e-2
35.63, -8.182e-2
35.65, -8.182e-2
35.67, -8.182e-2
35.69, -8.182e-2
35.71, -8.183e-2
35.73, -8.183e-2
35.751, -8.183e-2
35.771, -8.183e-2
35.791, -8.183e-2
35.812, -8.183e-2
35.831, -8.183e-2
35.851, -8.184e-2
35.871, -8.184e-2
35.892, -8.184e-2
35.912, -8.184e-2
35.933, -8.184e-2
35.952, -8.184e-2
35.972, -8.184e-2
35.992, -8.184e-2
36.013, -8.185e-2
36.033, -8.185e-2
36.054, -8.185e-2
36.074, -8.185e-2
36.094, -8.185e-2
36.114, -8.185e-2
36.134, -8.185e-2
36.154, -8.186e-2
36.175, -8.186e-2
36.195, -8.186e-2
36.215, -8.186e-2
36.234, -8.186e-2
36.255, -8.186e-2
36.275, -8.186e-2
36.296, -8.186e-2
36.316, -8.187e-2
36.336, -8.187e-2
36.355, -8.187e-2
36.376, -8.187e-2
36.396, -8.187e-2
36.417, -8.187e-2
36.437, -8.187e-2
36.457, -8.187e-2
36.476, -8.188e-2
36.496, -8.188e-2
36.517, -8.188e-2
36.538, -8.188e-2
36.558, -8.188e-2
36.577, -8.188e-2
36.597, -8.188e-2
36.617, -8.189e-2
36.639, -8.189e-2
36.659, -8.189e-2
36.679, -8.189e-2
36.698, -8.189e-2
36.718, -8.189e-2
36.738, -7.012e-2
36.76, -7.012e-2
36.78, -7.012e-2
36.8, -7.012e-2
36.819, -7.012e-2
36.839, -7.012e-2
36.861, -7.012e-2
36.881, -7.013e-2
36.901, -7.013e-2
36.921, -7.013e-2
36.94, -7.013e-2
36.96, -7.013e-2
36.982, -7.013e-2
37.002, -7.013e-2
37.022, -7.014e-2
37.042, -7.014e-2
37.062, -7.014e-2
37.082, -7.014e-2
37.103, -7.014e-2
37.123, -7.014e-2
37.143, -7.014e-2
37.163, -7.014e-2
37.183, -7.015e-2
37.203, -7.015e-2
37.224, -7.015e-2
37.244, -7.015e-2
37.264, -7.015e-2
37.284, -7.015e-2
37.304, -7.015e-2
37.324, -7.016e-2
37.345, -7.016e-2
37.365, -7.016e-2
37.385, -7.016e-2
37.405, -7.016e-2
37.425, -7.016e-2
37.445, -7.016e-2
37.466, -7.016e-2
37.486, -7.017e-2
37.506, -7.017e-2
37.526, -7.017e-2
37.546, -7.017e-2
37.565, -7.017e-2
37.587, -5.84e-2
37.607, -5.84e-2
37.627, -5.84e-2
37.647, -5.84e-2
37.667, -5.84e-2
37.688, -5.84e-2
37.708, -5.84e-2
37.728, -5.841e-2
37.748, -5.841e-2
37.768, -5.841e-2
37.788, -5.841e-2
37.809, -5.841e-2
37.829, -5.841e-2
37.849, -5.841e-2
37.869, -5.841e-2
37.889, -5.842e-2
37.909, -5.842e-2
37.93, -4.664e-2
37.95, -4.664e-2
37.97, -4.665e-2
37.99, -4.665e-2
38.01, -4.665e-2
38.031, -4.665e-2
38.051, -4.665e-2
38.071, -3.488e-2
38.091, -3.488e-2
38.111, -3.488e-2
38.132, -3.488e-2
38.152, -3.488e-2
38.172, -3.488e-2
38.192, -3.488e-2
38.212, -3.488e-2
38.232, -3.489e-2
38.253, -3.489e-2
38.273, -2.311e-2
38.293, -2.311e-2
38.313, -2.312e-2
38.333, -2.312e-2
38.354, -2.312e-2
38.374, -2.312e-2
38.394, -2.312e-2
38.414, -2.312e-2
38.434, -2.312e-2
38.455, -1.135e-2
38.475, -1.135e-2
38.495, -1.135e-2
38.515, -1.135e-2
38.535, -1.135e-2
38.555, -1.135e-2
38.556, 4.216e-4
38.556, 1.22e-2
38.576, 1.22e-2
38.596, 2.397e-2
38.616, 2.397e-2
38.616, 3.575e-2
38.637, 3.575e-2
38.657, 4.752e-2
38.677, 5.929e-2
38.697, 5.929e-2
38.698, 7.107e-2
38.718, 8.284e-2
38.738, 8.284e-2
38.758, 9.462e-2
38.758, 0.106
38.779, 0.117
38.779, 0.13
38.799, 0.13
38.819, 0.142
38.819, 0.153
38.839, 0.165
38.859, 0.177
38.859, 0.189
38.88, 0.201
38.881, 0.212
38.901, 0.224
38.901, 0.236
38.921, 0.248
38.921, 0.259
38.942, 0.271
38.942, 0.283
38.942, 0.295
38.962, 0.307
38.962, 0.318
38.983, 0.318
38.983, 0.33
39.003, 0.342
39.023, 0.354
39.023, 0.365
39.044, 0.365
39.044, 0.377
39.064, 0.389
39.064, 0.401
39.085, 0.413
39.105, 0.424
39.105, 0.436
39.125, 0.448
39.125, 0.46
39.146, 0.471
39.146, 0.483
39.146, 0.495
39.146, 0.507
39.146, 0.519
39.146, 0.53
39.146, 0.542
39.167, 0.554
39.167, 0.565
39.187, 0.577
39.207, 0.589
39.208, 0.601
39.228, 0.613
39.228, 0.625
39.228, 0.636
39.248, 0.648
39.249, 0.66
39.249, 0.672
39.269, 0.683
39.269, 0.694
39.269, 0.706
39.269, 0.718
39.27, 0.73
39.27, 0.742
39.27, 0.754
39.27, 0.766
39.27, 0.778
39.27, 0.789
39.27, 0.801
39.27, 0.813
39.291, 0.813
39.311, 0.825
39.311, 0.835
39.311, 0.847
39.311, 0.859
39.332, 0.871
39.332, 0.884
39.332, 0.895
39.332, 0.907
39.332, 0.919
39.332, 0.931
39.353, 0.942
39.353, 0.954
39.353, 0.966
39.353, 0.978
39.353, 0.99
39.353, 1.001
39.373, 1.013
39.374, 1.025
39.374, 1.037
39.374, 1.048
39.374, 1.06
39.374, 1.072
39.374, 1.084
39.395, 1.096
39.395, 1.107
39.395, 1.119
39.395, 1.131
39.395, 1.143
39.395, 1.154
39.415, 1.166
39.416, 1.178
39.416, 1.19
39.416, 1.202
39.416, 1.213
39.416, 1.225
39.436, 1.237
39.437, 1.249
39.437, 1.26
39.437, 1.272
39.437, 1.284
39.457, 1.296
39.457, 1.308
39.457, 1.319
39.458, 1.331
39.458, 1.343
39.458, 1.355
39.458, 1.366
39.478, 1.378
39.478, 1.39
39.479, 1.402
39.479, 1.414
39.479, 1.425
39.479, 1.437
39.499, 1.449
39.499, 1.461
39.5, 1.472
39.5, 1.484
39.5, 1.496
39.5, 1.508
39.52, 1.519
39.52, 1.531
39.52, 1.543
39.521, 1.555
39.521, 1.567
39.521, 1.577
39.521, 1.589
39.541, 1.601
39.541, 1.613
39.542, 1.625
39.542, 1.637
39.542, 1.649
39.542, 1.661
39.562, 1.673
39.562, 1.684
39.562, 1.696
39.563, 1.708
39.563, 1.72
39.563, 1.73
39.583, 1.742
39.583, 1.755
39.583, 1.767
39.584, 1.779
39.584, 1.79
39.584, 1.802
39.584, 1.814
39.604, 1.826
39.604, 1.837
39.604, 1.849
39.605, 1.861
39.605, 1.873
39.605, 1.885
39.625, 1.896
39.625, 1.908
39.625, 1.92
39.626, 1.932
39.626, 1.943
39.626, 1.955
39.646, 1.967
39.646, 1.979
39.646, 1.991
39.646, 2.002
39.647, 2.014
39.647, 2.026
39.667, 2.038
39.667, 2.049
39.667, 2.061
39.667, 2.073
39.668, 2.085
39.668, 2.097
39.668, 2.108
39.688, 2.12
39.688, 2.132
39.688, 2.144
39.688, 2.155
39.689, 2.167
39.689, 2.179
39.709, 2.191
39.709, 2.203
39.709, 2.214
39.709, 2.226
39.71, 2.238
39.73, 2.25
39.73, 2.261
39.73, 2.273
39.73, 2.285
39.73, 2.297
39.73, 2.308
39.73, 2.32
39.751, 2.332
39.751, 2.343
39.751, 2.355
39.751, 2.367
39.751, 2.379
39.752, 2.391
39.772, 2.403
39.772, 2.414
39.772, 2.426
39.772, 2.438
39.772, 2.45
39.773, 2.462
39.793, 2.472
39.793, 2.484
39.793, 2.496
39.793, 2.509
39.793, 2.52
39.793, 2.532
39.794, 2.544
39.814, 2.556
39.814, 2.568
39.814, 2.579
39.814, 2.591
39.814, 2.603
39.815, 2.615
39.835, 2.626
39.835, 2.638
39.835, 2.65
39.835, 2.662
39.835, 2.674
39.835, 2.685
39.855, 2.697
39.855, 2.709
39.855, 2.721
39.855, 2.732
39.855, 2.744
39.855, 2.756
39.857, 2.768
39.877, 2.78
39.877, 2.791
39.877, 2.803
39.877, 2.815
39.877, 2.827
39.877, 2.838
39.898, 2.85
39.898, 2.862
39.898, 2.874
39.898, 2.886
39.898, 2.897
39.898, 2.909
39.919, 2.921
39.919, 2.933
39.919, 2.944
39.919, 2.956
39.919, 2.968
39.919, 2.98
39.94, 2.991
39.94, 3.003
39.94, 3.015
39.94, 3.027
39.94, 3.039
39.94, 3.05
39.94, 3.062
39.96, 3.074
39.96, 3.086
39.96, 3.097
39.96, 3.109
39.96, 3.121
39.982, 3.133
39.982, 3.145
39.982, 3.156
39.982, 3.168
39.982, 3.18
39.982, 3.192
40.003, 3.203
40.003, 3.215
40.003, 3.227
40.003, 3.238
40.003, 3.251
40.003, 3.262
40.003, 3.274
40.024, 3.286
40.024, 3.298
40.024, 3.309
40.024, 3.321
40.024, 3.333
40.024, 3.345
40.045, 3.357
40.045, 3.367
40.045, 3.38
40.045, 3.392
40.045, 3.404
40.045, 3.415
40.065, 3.427
40.066, 3.439
40.066, 3.451
40.066, 3.463
40.086, 3.474
40.086, 3.486
40.107, 3.498
40.127, 3.51
40.127, 3.521
40.147, 3.533
40.147, 3.545
40.168, 3.557
40.168, 3.569
40.188, 3.569
40.188, 3.58
40.208, 3.592
40.209, 3.604
40.229, 3.616
40.229, 3.627
40.249, 3.639
40.269, 3.639
40.29, 3.651
40.31, 3.651
40.33, 3.663
40.351, 3.674
40.371, 3.674
40.391, 3.686
40.411, 3.686
40.431, 3.686
40.452, 3.698
40.472, 3.698
40.492, 3.71
40.512, 3.71
40.532, 3.71
40.553, 3.71
40.573, 3.71
40.573, 3.722
40.593, 3.722
40.613, 3.722
40.593, 3.722
40.573, 3.71
40.553, 3.71
40.532, 3.71
40.512, 3.698
40.492, 3.698
40.512, 3.698
40.532, 3.698
40.553, 3.698
40.573, 3.698
40.593, 3.698
40.593, 3.71
40.573, 3.722
40.573, 3.733
40.553, 3.733
40.553, 3.745
40.573, 3.757
40.573, 3.769
40.593, 3.769
40.593, 3.78
40.613, 3.792
40.613, 3.804
40.634, 3.815
40.635, 3.827
40.655, 3.827
40.675, 3.839
40.675, 3.851
40.694, 3.863
40.696, 3.875
40.716, 3.886
40.736, 3.898
40.736, 3.91
40.757, 3.922
40.777, 3.934
40.777, 3.944
40.797, 3.944
40.797, 3.956
40.818, 3.968
40.818, 3.98
40.838, 3.992
40.838, 4.004
40.858, 4.004
40.879, 4.016
40.879, 4.028
40.899, 4.04
40.899, 4.051
40.92, 4.063
40.94, 4.075
40.94, 4.087
40.96, 4.098
40.98, 4.11
40.98, 4.121
41.001, 4.121
41.001, 4.134
41.021, 4.146
41.021, 4.157
41.042, 4.169
41.042, 4.181
41.062, 4.181
41.082, 4.193
41.082, 4.204
41.103, 4.216
41.103, 4.228
41.123, 4.24
41.123, 4.251
41.144, 4.263
41.144, 4.275
41.164, 4.287
41.164, 4.299
41.164, 4.31
41.185, 4.322
41.185, 4.334
41.185, 4.346
41.185, 4.357
41.185, 4.369
41.185, 4.381
41.206, 4.393
41.206, 4.405
41.206, 4.416
41.206, 4.428
41.206, 4.44
41.226, 4.452
41.226, 4.463
41.227, 4.475
41.227, 4.487
41.227, 4.499
41.246, 4.511
41.246, 4.522
41.246, 4.534
41.248, 4.546
41.248, 4.558
41.248, 4.569
41.268, 4.581
41.268, 4.593
41.268, 4.605
41.269, 4.617
41.269, 4.628
41.289, 4.628
41.289, 4.64
41.289, 4.652
41.289, 4.664
41.289, 4.675
41.289, 4.687
41.31, 4.698
41.31, 4.71
41.31, 4.722
41.31, 4.734
41.31, 4.746
41.331, 4.758
41.331, 4.77
41.331, 4.781
41.331, 4.793
41.331, 4.805
41.331, 4.817
41.351, 4.829
41.351, 4.839
41.351, 4.851
41.351, 4.863
41.351, 4.876
41.371, 4.887
41.371, 4.899
41.373, 4.911
41.373, 4.923
41.373, 4.934
41.393, 4.946
41.393, 4.958
41.393, 4.97
41.394, 4.982
41.394, 4.992
41.394, 5.005
41.414, 5.017
41.414, 5.029
41.414, 5.04
41.414, 5.052
41.415, 5.064
41.435, 5.076
41.435, 5.088
41.435, 5.099
41.435, 5.111
41.435, 5.123
41.436, 5.135
41.456, 5.146
41.456, 5.158
41.456, 5.17
41.456, 5.182
41.456, 5.194
41.476, 5.205
41.476, 5.217
41.476, 5.229
41.476, 5.241
41.476, 5.252
41.476, 5.264
41.498, 5.276
41.498, 5.288
41.498, 5.3
41.498, 5.311
41.518, 5.323
41.518, 5.335
41.519, 5.347
41.519, 5.358
41.519, 5.37
41.539, 5.382
41.539, 5.394
41.539, 5.406
41.539, 5.417
41.54, 5.429
41.54, 5.441
41.54, 5.453
41.56, 5.464
41.56, 5.476
41.581, 5.488
41.581, 5.5
41.581, 5.512
41.581, 5.523
41.601, 5.535
41.601, 5.547
41.601, 5.559
41.621, 5.569
41.621, 5.581
41.621, 5.593
41.642, 5.605
41.643, 5.617
41.643, 5.629
41.663, 5.641
41.663, 5.653
41.663, 5.665
41.683, 5.676
41.684, 5.688
41.684, 5.7
41.704, 5.712
41.704, 5.722
41.724, 5.734
41.745, 5.746
41.765, 5.759
41.785, 5.771
41.806, 5.782
41.826, 5.794
41.846, 5.806
41.867, 5.818
41.887, 5.829
41.907, 5.841
41.907, 5.829
41.907, 5.818
41.927, 5.806
41.927, 5.794
41.927, 5.782
41.927, 5.771
41.947, 5.759
41.946, 5.746
41.946, 5.734
41.946, 5.722
41.946, 5.712
41.966, 5.7
41.966, 5.688
41.966, 5.676
41.966, 5.665
41.986, 5.653
41.986, 5.641
41.986, 5.629
41.984, 5.617
42.005, 5.605
42.005, 5.593
42.005, 5.581
42.005, 5.569
42.025, 5.559
42.025, 5.547
42.025, 5.535
42.025, 5.523
42.025, 5.511
42.045, 5.5
42.044, 5.488
42.044, 5.476
42.044, 5.464
42.064, 5.453
42.064, 5.441
42.064, 5.429
42.064, 5.417
42.064, 5.405
42.084, 5.394
42.084, 5.382
42.084, 5.37
42.083, 5.358
42.103, 5.347
42.103, 5.335
42.103, 5.323
42.103, 5.311
42.103, 5.3
42.123, 5.288
42.123, 5.276
42.123, 5.264
42.123, 5.252
42.143, 5.241
42.143, 5.229
42.142, 5.217
42.142, 5.205
42.142, 5.194
42.162, 5.182
42.162, 5.17
42.162, 5.158
42.182, 5.146
42.182, 5.135
42.182, 5.123
42.182, 5.111
42.202, 5.099
42.201, 5.088
42.201, 5.076
42.201, 5.064
42.201, 5.052
42.221, 5.04
42.221, 5.029
42.221, 5.017
42.221, 5.005
42.241, 4.992
42.241, 4.982
42.241, 4.97
42.24, 4.958
42.24, 4.946
42.26, 4.934
42.26, 4.923
42.26, 4.911
42.26, 4.899
42.28, 4.887
42.28, 4.876
42.28, 4.863
42.28, 4.851
42.279, 4.839
42.3, 4.827
42.299, 4.817
42.299, 4.805
42.299, 4.793
42.319, 4.781
42.319, 4.77
42.319, 4.758
42.319, 4.746
42.319, 4.734
42.339, 4.722
42.339, 4.71
42.338, 4.698
42.358, 4.687
42.358, 4.675
42.358, 4.664
42.358, 4.652
42.358, 4.64
42.378, 4.628
42.378, 4.616
42.378, 4.605
42.378, 4.593
42.398, 4.581
42.398, 4.569
42.397, 4.558
42.397, 4.546
42.397, 4.534
42.417, 4.522
42.417, 4.51
42.417, 4.499
42.417, 4.487
42.437, 4.475
42.437, 4.463
42.437, 4.452
42.436, 4.44
42.436, 4.428
42.456, 4.416
42.456, 4.404
42.456, 4.393
42.456, 4.381
42.476, 4.369
42.476, 4.357
42.476, 4.346
42.476, 4.334
42.476, 4.322
42.496, 4.31
42.495, 4.298
42.495, 4.287
42.495, 4.275
42.515, 4.263
42.515, 4.251
42.515, 4.24
42.515, 4.228
42.535, 4.216
42.535, 4.204
42.535, 4.193
42.534, 4.181
42.555, 4.169
42.554, 4.157
42.554, 4.145
42.554, 4.134
42.554, 4.121
42.573, 4.11
42.573, 4.098
42.573, 4.087
42.573, 4.075
42.593, 4.063
42.593, 4.051
42.593, 4.039
42.593, 4.028
42.593, 4.016
42.613, 4.004
42.613, 3.992
42.613, 3.98
42.613, 3.968
42.633, 3.956
42.633, 3.944
42.633, 3.933
42.632, 3.922
42.632, 3.91
42.652, 3.898
42.652, 3.886
42.672, 3.875
42.692, 3.863
42.712, 3.851
42.712, 3.839
42.732, 3.839
42.752, 3.827
42.752, 3.815
42.772, 3.804
42.793, 3.804
42.792, 3.792
42.812, 3.78
42.812, 3.769
42.812, 3.757
42.812, 3.745
42.812, 3.733
42.812, 3.721
42.812, 3.71
42.831, 3.698
42.831, 3.686
42.851, 3.674
42.851, 3.663
42.871, 3.651
42.871, 3.639
42.871, 3.627
42.871, 3.615
42.871, 3.604
42.891, 3.592
42.891, 3.58
42.891, 3.568
42.891, 3.557
42.891, 3.545
42.911, 3.533
42.911, 3.521
42.91, 3.509
42.91, 3.498
42.91, 3.486
42.91, 3.474
42.91, 3.462
42.91, 3.451
42.91, 3.439
42.93, 3.427
42.93, 3.415
42.929, 3.403
42.948, 3.392
42.948, 3.38
42.948, 3.367
42.968, 3.355
42.968, 3.345
42.968, 3.333
42.968, 3.321
42.968, 3.309
42.968, 3.297
42.988, 3.286
42.988, 3.274
42.988, 3.262
42.988, 3.25
42.988, 3.238
43.008, 3.227
43.008, 3.215
43.008, 3.203
43.008, 3.191
43.008, 3.18
43.028, 3.168
43.028, 3.156
43.027, 3.144
43.027, 3.133
43.027, 3.121
43.027, 3.109
43.047, 3.097
43.047, 3.086
43.047, 3.074
43.047, 3.062
43.067, 3.05
43.067, 3.038
43.066, 3.027
43.066, 3.015
43.066, 3.003
43.086, 2.991
43.086, 2.98
43.086, 2.968
43.086, 2.956
43.106, 2.944
43.106, 2.932
43.106, 2.921
43.106, 2.909
43.105, 2.897
43.105, 2.885
43.125, 2.874
43.125, 2.862
43.125, 2.85
43.125, 2.838
43.125, 2.826
43.125, 2.815
43.145, 2.803
43.145, 2.791
43.144, 2.779
43.144, 2.768
43.144, 2.756
43.164, 2.744
43.164, 2.732
43.164, 2.72
43.184, 2.709
43.184, 2.697
43.204, 2.685
43.204, 2.673
43.224, 2.662
43.224, 2.65
43.224, 2.638
43.223, 2.626
43.242, 2.613
43.242, 2.603
43.242, 2.591
43.263, 2.579
43.263, 2.567
43.263, 2.556
43.283, 2.544
43.283, 2.532
43.283, 2.52
43.303, 2.508
43.303, 2.496
43.303, 2.484
43.302, 2.472
43.302, 2.461
43.322, 2.45
43.322, 2.438
43.342, 2.426
43.342, 2.414
43.342, 2.402
43.362, 2.402
43.362, 2.391
43.362, 2.379
43.362, 2.367
43.382, 2.355
43.382, 2.343
43.402, 2.332
43.402, 2.32
43.402, 2.308
43.401, 2.296
43.421, 2.285
43.421, 2.273
43.441, 2.261
43.441, 2.249
43.461, 2.238
43.461, 2.226
43.48, 2.214
43.501, 2.202
43.501, 2.19
43.521, 2.179
43.521, 2.167
43.541, 2.155
43.541, 2.143
43.561, 2.143
43.561, 2.132
43.581, 2.12
43.581, 2.108
43.601, 2.096
43.601, 2.084
43.621, 2.073
43.621, 2.061
43.621, 2.049
43.62, 2.037
43.64, 2.026
43.64, 2.014
43.66, 2.002
43.68, 1.99
43.68, 1.978
43.7, 1.967
43.7, 1.955
43.7, 1.943
43.72, 1.931
43.74, 1.92
43.74, 1.908
43.76, 1.896
43.76, 1.884
43.76, 1.873
43.76, 1.861
43.76, 1.849
43.759, 1.837
43.779, 1.825
43.779, 1.814
43.799, 1.802
43.799, 1.79
43.799, 1.778
43.819, 1.778
43.819, 1.767
43.819, 1.755
43.819, 1.742
43.819, 1.73
43.839, 1.718
43.839, 1.708
43.839, 1.696
43.859, 1.684
43.858, 1.672
43.858, 1.661
43.858, 1.649
43.858, 1.637
43.878, 1.625
43.878, 1.613
43.878, 1.601
43.898, 1.589
43.898, 1.577
43.898, 1.565
43.918, 1.565
43.938, 1.565
43.938, 1.555
43.938, 1.543
43.958, 1.531
43.958, 1.519
43.978, 1.507
43.978, 1.496
43.976, 1.484
43.998, 1.484
43.996, 1.472
43.996, 1.46
43.996, 1.449
43.996, 1.437
43.996, 1.425
43.996, 1.413
43.996, 1.401
43.996, 1.39
43.996, 1.378
44.016, 1.366
44.037, 1.354
44.057, 1.343
44.077, 1.331
44.076, 1.319
44.076, 1.307
44.096, 1.295
44.116, 1.284
44.136, 1.272
44.157, 1.26
44.156, 1.248
44.176, 1.237
44.196, 1.225
44.217, 1.213
44.216, 1.201
44.237, 1.201
44.236, 1.189
44.256, 1.178
44.277, 1.166
44.276, 1.154
44.297, 1.154
44.317, 1.142
44.316, 1.131
44.337, 1.119
44.357, 1.107
44.377, 1.095
44.376, 1.083
44.397, 1.072
44.417, 1.072
44.417, 1.06
44.416, 1.048
44.436, 1.036
44.436, 1.025
44.436, 1.013
44.456, 1.001
44.456, 0.988
44.476, 0.988
44.496, 0.976
44.496, 0.966
44.516, 0.954
44.536, 0.954
44.536, 0.942
44.556, 0.93
44.576, 0.919
44.576, 0.907
44.576, 0.895
44.596, 0.883
44.616, 0.871
44.636, 0.859
44.656, 0.847
44.676, 0.835
44.676, 0.823
44.696, 0.813
44.696, 0.801
44.696, 0.789
44.716, 0.777
44.736, 0.777
44.736, 0.765
44.756, 0.765
44.776, 0.754
44.776, 0.742
44.776, 0.73
44.796, 0.718
44.796, 0.706
44.815, 0.706
44.835, 0.694
44.835, 0.683
44.855, 0.671
44.876, 0.659
44.896, 0.648
44.916, 0.648
44.936, 0.636
44.956, 0.624
44.976, 0.612
44.996, 0.601
45.017, 0.601
45.037, 0.589
45.057, 0.577
45.077, 0.565
45.097, 0.553
45.117, 0.553
45.137, 0.542
45.157, 0.53
45.177, 0.518
45.197, 0.518
45.197, 0.506
45.217, 0.506
45.237, 0.506
45.258, 0.506
45.278, 0.506
45.298, 0.506
45.318, 0.495
45.338, 0.483
45.358, 0.471
45.378, 0.459
45.398, 0.447
45.418, 0.447
45.439, 0.447
45.459, 0.436
45.479, 0.424
45.499, 0.412
45.519, 0.4
45.539, 0.389
45.559, 0.377
45.579, 0.365
45.599, 0.353
45.619, 0.353
45.639, 0.365
