8.358e-2, 2.4
8.35e-2, 2.392
8.342e-2, 2.383
8.334e-2, 2.375
8.326e-2, 2.367
8.317e-2, 2.359
8.309e-2, 2.35
8.301e-2, 2.342
0.107, 2.334
0.107, 2.326
0.107, 2.317
0.107, 2.309
0.107, 2.301
0.131, 2.301
0.131, 2.293
0.155, 2.284
0.155, 2.276
0.154, 2.268
0.154, 2.259
0.178, 2.251
0.178, 2.242
0.178, 2.234
0.202, 2.226
0.202, 2.218
0.202, 2.21
0.202, 2.202
0.202, 2.193
0.202, 2.185
0.202, 2.177
0.202, 2.168
0.201, 2.16
0.201, 2.152
0.201, 2.144
0.201, 2.135
0.201, 2.127
0.201, 2.119
0.225, 2.119
0.249, 2.119
0.249, 2.111
0.273, 2.111
0.297, 2.102
0.297, 2.094
0.297, 2.086
0.321, 2.078
0.321, 2.069
0.321, 2.061
0.321, 2.053
0.321, 2.044
0.345, 2.036
0.345, 2.028
0.343, 2.02
0.343, 2.011
0.343, 2.003
0.343, 1.995
0.343, 1.987
0.367, 1.978
0.367, 1.97
0.367, 1.962
0.392, 1.952
0.392, 1.944
0.392, 1.937
0.392, 1.929
0.392, 1.92
0.416, 1.912
0.415, 1.904
0.415, 1.896
0.415, 1.887
0.439, 1.879
0.439, 1.871
0.439, 1.863
0.439, 1.854
0.439, 1.846
0.439, 1.838
0.463, 1.829
0.463, 1.821
0.463, 1.813
0.463, 1.805
0.487, 1.796
0.486, 1.788
0.486, 1.78
0.486, 1.772
0.51, 1.763
0.51, 1.755
0.51, 1.746
0.51, 1.738
0.51, 1.73
0.51, 1.722
0.534, 1.714
0.534, 1.705
0.534, 1.697
0.534, 1.689
0.558, 1.681
0.557, 1.672
0.557, 1.664
0.557, 1.656
0.557, 1.648
0.581, 1.639
0.581, 1.631
0.581, 1.623
0.581, 1.613
0.605, 1.605
0.605, 1.597
0.605, 1.589
0.605, 1.581
0.605, 1.573
0.605, 1.565
0.629, 1.557
0.628, 1.548
0.628, 1.54
0.628, 1.532
0.628, 1.523
0.652, 1.515
0.652, 1.507
0.652, 1.499
0.652, 1.49
0.676, 1.482
0.676, 1.474
0.676, 1.466
0.676, 1.457
0.7, 1.449
0.7, 1.441
0.698, 1.433
0.698, 1.424
0.698, 1.416
0.722, 1.408
0.722, 1.399
0.746, 1.391
0.771, 1.383
0.771, 1.375
0.795, 1.366
0.795, 1.358
0.819, 1.35
0.819, 1.342
0.843, 1.342
0.867, 1.333
0.867, 1.325
0.891, 1.317
0.915, 1.308
0.939, 1.3
0.939, 1.292
0.963, 1.284
0.987, 1.284
0.987, 1.275
1.011, 1.267
1.01, 1.259
1.034, 1.251
1.034, 1.242
1.034, 1.234
1.058, 1.226
1.058, 1.218
1.082, 1.209
1.082, 1.201
1.082, 1.193
1.082, 1.184
1.082, 1.176
1.106, 1.168
1.106, 1.16
1.13, 1.151
1.13, 1.143
1.154, 1.135
1.153, 1.127
1.153, 1.117
1.177, 1.11
1.177, 1.102
1.201, 1.093
1.201, 1.085
1.201, 1.077
1.225, 1.069
1.225, 1.06
1.225, 1.052
1.249, 1.044
1.249, 1.036
1.273, 1.036
1.273, 1.027
1.273, 1.019
1.273, 1.011
1.297, 1.003
1.296, 0.994
1.321, 0.994
1.32, 0.986
1.343, 0.978
1.367, 0.968
1.367, 0.96
1.367, 0.952
1.367, 0.944
1.392, 0.936
1.392, 0.928
1.416, 0.928
1.416, 0.92
1.44, 0.912
1.464, 0.903
1.464, 0.895
1.464, 0.887
1.464, 0.878
1.488, 0.87
1.488, 0.862
1.512, 0.854
1.536, 0.845
1.559, 0.837
1.583, 0.829
1.607, 0.821
1.631, 0.812
1.655, 0.804
1.679, 0.796
1.702, 0.788
1.726, 0.779
1.751, 0.771
1.751, 0.763
1.775, 0.763
1.799, 0.754
1.823, 0.754
1.847, 0.746
1.871, 0.746
1.895, 0.746
1.895, 0.738
1.919, 0.738
1.919, 0.73
1.943, 0.73
1.967, 0.73
1.991, 0.73
2.015, 0.721
2.039, 0.713
2.063, 0.705
2.063, 0.697
2.087, 0.688
2.111, 0.68
2.135, 0.68
2.159, 0.672
2.183, 0.663
2.207, 0.655
2.231, 0.647
2.255, 0.639
2.255, 0.63
2.279, 0.621
2.303, 0.613
2.327, 0.613
2.351, 0.605
2.375, 0.597
2.399, 0.589
2.423, 0.581
2.447, 0.572
2.471, 0.564
2.495, 0.556
2.519, 0.548
2.519, 0.539
2.519, 0.531
2.543, 0.523
2.565, 0.515
2.589, 0.506
2.615, 0.506
2.638, 0.498
2.662, 0.49
2.687, 0.49
2.71, 0.482
2.734, 0.482
2.758, 0.472
2.782, 0.465
2.807, 0.465
2.83, 0.457
2.855, 0.457
2.879, 0.448
2.903, 0.448
2.927, 0.448
2.951, 0.44
2.975, 0.44
2.999, 0.44
3.023, 0.44
3.047, 0.432
3.071, 0.432
3.095, 0.424
3.119, 0.424
3.143, 0.424
3.167, 0.424
3.191, 0.415
3.215, 0.407
3.238, 0.399
3.263, 0.391
3.287, 0.382
3.311, 0.374
3.335, 0.366
3.359, 0.357
3.383, 0.349
3.407, 0.341
3.431, 0.333
3.455, 0.324
3.479, 0.324
3.503, 0.316
3.527, 0.316
3.551, 0.308
3.575, 0.308
3.599, 0.308
3.623, 0.3
3.647, 0.3
3.671, 0.3
3.694, 0.3
3.718, 0.291
3.742, 0.291
3.767, 0.291
3.791, 0.283
3.815, 0.283
3.839, 0.283
3.863, 0.275
3.887, 0.275
3.911, 0.275
3.935, 0.275
3.959, 0.275
3.983, 0.275
4.007, 0.275
4.031, 0.275
4.055, 0.266
4.079, 0.266
4.103, 0.266
4.127, 0.266
4.151, 0.266
4.176, 0.266
4.2, 0.266
4.224, 0.266
4.248, 0.266
4.272, 0.266
4.296, 0.266
4.32, 0.258
4.343, 0.258
4.367, 0.258
4.392, 0.258
4.416, 0.258
4.44, 0.258
4.464, 0.258
4.488, 0.25
4.512, 0.25
4.536, 0.25
4.56, 0.242
4.584, 0.242
4.608, 0.242
4.632, 0.233
4.656, 0.233
4.68, 0.225
4.704, 0.225
4.728, 0.225
4.752, 0.225
4.776, 0.225
4.8, 0.217
4.823, 0.217
4.847, 0.217
4.873, 0.217
4.897, 0.217
4.921, 0.217
4.944, 0.217
4.968, 0.217
4.992, 0.217
5.017, 0.217
5.041, 0.217
5.065, 0.217
5.089, 0.217
5.113, 0.217
5.137, 0.217
5.161, 0.217
5.185, 0.217
5.209, 0.217
5.233, 0.217
5.257, 0.217
5.281, 0.217
5.305, 0.217
5.329, 0.217
5.354, 0.217
5.378, 0.217
5.402, 0.217
5.426, 0.209
5.45, 0.209
5.474, 0.209
5.498, 0.209
5.522, 0.209
5.546, 0.209
5.569, 0.2
5.593, 0.2
5.617, 0.2
5.642, 0.192
5.666, 0.192
5.69, 0.192
5.714, 0.192
5.738, 0.192
5.762, 0.192
5.786, 0.192
5.81, 0.192
5.834, 0.192
5.858, 0.192
5.882, 0.192
5.906, 0.192
5.931, 0.192
5.955, 0.192
5.979, 0.192
6.003, 0.192
6.027, 0.192
6.051, 0.192
6.075, 0.192
6.099, 0.192
6.123, 0.192
6.147, 0.192
6.171, 0.192
6.195, 0.192
6.219, 0.192
6.242, 0.192
6.267, 0.192
6.291, 0.192
6.315, 0.192
6.339, 0.192
6.363, 0.192
6.388, 0.2
6.412, 0.2
6.436, 0.2
6.46, 0.2
6.484, 0.2
6.508, 0.2
6.532, 0.2
6.556, 0.2
6.58, 0.2
6.604, 0.2
6.628, 0.2
6.652, 0.2
6.676, 0.2
6.7, 0.2
6.724, 0.2
6.748, 0.2
6.772, 0.2
6.796, 0.2
6.821, 0.2
6.845, 0.2
6.869, 0.2
6.893, 0.2
6.917, 0.2
6.94, 0.2
6.964, 0.2
6.988, 0.2
7.013, 0.2
7.037, 0.2
7.061, 0.192
7.085, 0.192
7.109, 0.192
7.133, 0.192
7.157, 0.184
7.181, 0.184
7.205, 0.184
7.229, 0.184
7.253, 0.184
7.277, 0.184
7.301, 0.184
7.325, 0.184
7.349, 0.184
7.374, 0.184
7.398, 0.184
7.422, 0.184
7.446, 0.184
7.47, 0.184
7.494, 0.184
7.518, 0.192
7.542, 0.192
7.565, 0.192
7.589, 0.192
7.613, 0.2
7.638, 0.2
7.662, 0.2
7.686, 0.2
7.71, 0.2
7.734, 0.2
7.759, 0.208
7.783, 0.208
7.807, 0.208
7.831, 0.208
7.855, 0.208
7.879, 0.217
7.903, 0.217
7.927, 0.225
7.951, 0.225
7.975, 0.225
7.999, 0.233
8.023, 0.233
8.047, 0.233
8.071, 0.233
8.096, 0.233
8.12, 0.233
8.144, 0.233
8.168, 0.233
8.192, 0.233
8.216, 0.233
8.24, 0.233
8.264, 0.233
8.288, 0.233
8.312, 0.233
8.336, 0.241
8.359, 0.241
8.384, 0.241
8.408, 0.241
8.432, 0.241
8.456, 0.241
8.48, 0.241
8.504, 0.241
8.529, 0.241
8.553, 0.241
8.577, 0.25
8.601, 0.25
8.625, 0.25
8.649, 0.25
8.673, 0.258
8.697, 0.258
8.721, 0.258
8.745, 0.266
8.769, 0.266
8.793, 0.266
8.817, 0.266
8.841, 0.266
8.866, 0.275
8.89, 0.275
8.914, 0.275
8.938, 0.275
8.962, 0.283
8.986, 0.283
9.01, 0.283
9.034, 0.283
9.058, 0.283
9.082, 0.283
9.106, 0.283
9.13, 0.283
9.154, 0.283
9.178, 0.283
9.202, 0.283
9.226, 0.283
9.25, 0.283
9.275, 0.283
9.299, 0.283
9.323, 0.283
9.347, 0.283
9.371, 0.283
9.395, 0.283
9.419, 0.283
9.443, 0.291
9.467, 0.291
9.491, 0.299
9.515, 0.308
9.539, 0.308
9.563, 0.316
9.588, 0.316
9.612, 0.324
9.636, 0.324
9.66, 0.332
9.684, 0.332
9.708, 0.332
9.732, 0.332
9.756, 0.332
9.78, 0.332
9.804, 0.332
9.827, 0.332
9.851, 0.332
9.876, 0.332
9.9, 0.332
9.924, 0.332
9.948, 0.332
9.972, 0.332
9.996, 0.332
10.021, 0.332
10.045, 0.324
10.069, 0.324
10.093, 0.324
10.117, 0.324
10.141, 0.324
10.165, 0.324
10.189, 0.316
10.213, 0.316
10.237, 0.316
10.261, 0.316
10.285, 0.316
10.309, 0.316
10.333, 0.316
10.357, 0.316
10.381, 0.316
10.405, 0.316
10.429, 0.316
10.453, 0.316
10.476, 0.316
10.501, 0.316
10.526, 0.316
10.55, 0.316
10.573, 0.316
10.597, 0.316
10.621, 0.308
10.646, 0.299
10.67, 0.299
10.694, 0.299
10.718, 0.291
10.742, 0.291
10.766, 0.283
10.79, 0.283
10.814, 0.274
10.838, 0.274
10.862, 0.266
10.886, 0.266
10.91, 0.266
10.934, 0.258
10.958, 0.258
10.982, 0.258
11.006, 0.25
11.03, 0.25
11.054, 0.25
11.078, 0.241
11.102, 0.241
11.126, 0.233
11.15, 0.233
11.174, 0.225
11.198, 0.225
11.222, 0.225
11.246, 0.225
11.27, 0.225
11.294, 0.225
11.318, 0.225
11.342, 0.225
11.366, 0.225
11.39, 0.225
11.415, 0.225
11.439, 0.225
11.439, 0.217
11.463, 0.217
11.487, 0.217
11.511, 0.217
11.535, 0.217
11.559, 0.217
11.583, 0.217
11.607, 0.217
11.631, 0.217
11.655, 0.217
11.679, 0.217
11.702, 0.217
11.726, 0.217
11.751, 0.225
11.775, 0.225
11.799, 0.225
11.823, 0.225
11.847, 0.225
11.871, 0.225
11.896, 0.225
11.92, 0.225
11.944, 0.225
11.968, 0.217
11.992, 0.217
12.016, 0.217
12.04, 0.217
12.064, 0.217
12.088, 0.216
12.112, 0.208
12.136, 0.208
12.16, 0.208
12.184, 0.208
12.208, 0.208
12.232, 0.208
12.256, 0.208
12.28, 0.208
12.304, 0.208
12.328, 0.208
12.351, 0.208
12.376, 0.208
12.4, 0.208
12.424, 0.2
12.449, 0.2
12.472, 0.2
12.496, 0.2
12.521, 0.2
12.545, 0.2
12.569, 0.192
12.593, 0.192
12.617, 0.192
12.641, 0.192
12.665, 0.192
12.689, 0.192
12.713, 0.192
12.737, 0.183
12.761, 0.183
12.785, 0.183
12.809, 0.183
12.833, 0.183
12.857, 0.183
12.881, 0.183
12.905, 0.183
12.929, 0.183
12.952, 0.183
12.976, 0.183
13.002, 0.183
13.026, 0.183
13.05, 0.183
13.074, 0.183
13.098, 0.183
13.121, 0.183
13.146, 0.183
13.17, 0.183
13.194, 0.183
13.218, 0.183
13.242, 0.183
13.266, 0.183
13.29, 0.183
13.314, 0.183
13.338, 0.183
13.362, 0.192
13.386, 0.192
13.41, 0.192
13.435, 0.192
13.459, 0.192
13.483, 0.192
13.507, 0.192
13.531, 0.192
13.555, 0.192
13.579, 0.192
13.603, 0.192
13.627, 0.192
13.651, 0.192
13.675, 0.183
13.698, 0.183
13.722, 0.183
13.746, 0.183
13.771, 0.175
13.795, 0.175
13.819, 0.175
13.843, 0.175
13.867, 0.167
13.891, 0.167
13.915, 0.167
13.939, 0.167
13.963, 0.167
13.987, 0.167
14.012, 0.167
14.036, 0.167
14.06, 0.175
14.084, 0.175
14.108, 0.175
14.132, 0.175
14.156, 0.175
14.18, 0.175
14.204, 0.175
14.228, 0.183
14.252, 0.183
14.276, 0.192
14.3, 0.192
14.324, 0.192
14.349, 0.2
14.373, 0.2
14.397, 0.2
14.421, 0.208
14.445, 0.208
14.468, 0.208
14.492, 0.208
14.517, 0.208
14.541, 0.208
14.565, 0.216
14.589, 0.216
14.613, 0.216
14.637, 0.216
14.661, 0.216
14.685, 0.216
14.709, 0.216
14.734, 0.216
14.758, 0.216
14.782, 0.216
14.806, 0.216
14.83, 0.216
14.854, 0.216
14.878, 0.216
14.902, 0.216
14.926, 0.216
14.95, 0.216
14.974, 0.216
14.998, 0.216
15.022, 0.216
15.046, 0.225
15.07, 0.225
15.094, 0.225
15.117, 0.225
15.143, 0.233
15.167, 0.233
15.191, 0.233
15.215, 0.233
15.238, 0.233
15.263, 0.241
15.287, 0.241
15.311, 0.241
15.335, 0.249
15.359, 0.249
15.383, 0.249
15.407, 0.249
15.431, 0.258
15.456, 0.266
15.48, 0.266
15.504, 0.266
15.528, 0.274
15.552, 0.282
15.576, 0.291
15.6, 0.291
15.624, 0.299
15.648, 0.307
15.672, 0.307
15.697, 0.316
15.721, 0.324
15.745, 0.332
15.769, 0.34
15.793, 0.349
15.793, 0.357
15.817, 0.365
15.817, 0.373
15.842, 0.382
15.866, 0.39
15.866, 0.398
15.89, 0.407
15.89, 0.415
15.914, 0.423
15.914, 0.431
15.938, 0.44
15.962, 0.448
15.963, 0.456
15.987, 0.464
15.987, 0.472
15.987, 0.48
16.011, 0.488
16.011, 0.496
16.035, 0.506
16.059, 0.514
16.059, 0.522
16.083, 0.531
16.108, 0.531
16.132, 0.539
16.156, 0.539
16.18, 0.539
16.204, 0.547
16.228, 0.547
16.252, 0.555
16.276, 0.555
16.3, 0.564
16.324, 0.572
16.347, 0.572
16.373, 0.572
16.373, 0.58
16.397, 0.58
16.421, 0.58
16.445, 0.588
16.468, 0.597
16.492, 0.605
16.517, 0.613
16.541, 0.621
16.565, 0.63
16.589, 0.638
16.613, 0.646
16.638, 0.655
16.662, 0.663
16.686, 0.671
16.71, 0.679
16.71, 0.688
16.734, 0.696
16.759, 0.704
16.759, 0.712
16.783, 0.721
16.783, 0.729
16.783, 0.737
16.783, 0.745
16.783, 0.754
16.807, 0.762
16.807, 0.77
16.831, 0.779
16.831, 0.787
16.855, 0.795
16.855, 0.803
16.88, 0.812
16.88, 0.819
16.88, 0.827
16.904, 0.835
16.904, 0.845
16.928, 0.853
16.952, 0.861
16.952, 0.87
16.976, 0.878
16.976, 0.886
17.001, 0.894
17.001, 0.903
17.025, 0.911
17.025, 0.919
17.025, 0.927
17.049, 0.936
17.05, 0.944
17.05, 0.952
17.05, 0.96
17.05, 0.968
17.074, 0.976
17.074, 0.984
17.098, 0.994
17.121, 1.002
17.121, 1.01
17.121, 1.018
17.123, 1.027
17.147, 1.035
17.147, 1.043
17.147, 1.051
17.147, 1.06
17.147, 1.068
17.171, 1.076
17.171, 1.084
17.195, 1.093
17.219, 1.101
17.22, 1.109
17.22, 1.117
17.22, 1.126
17.22, 1.134
17.22, 1.142
17.244, 1.151
17.244, 1.159
17.244, 1.167
17.268, 1.175
17.268, 1.184
17.293, 1.192
17.293, 1.2
17.317, 1.209
17.317, 1.217
17.341, 1.225
17.365, 1.233
17.365, 1.242
17.389, 1.25
17.413, 1.258
17.413, 1.266
17.414, 1.275
17.438, 1.283
17.438, 1.291
17.462, 1.291
17.462, 1.299
17.486, 1.308
17.51, 1.316
17.51, 1.324
17.534, 1.324
17.534, 1.333
17.559, 1.341
17.559, 1.349
17.583, 1.357
17.607, 1.366
17.631, 1.374
17.655, 1.374
17.679, 1.382
17.702, 1.382
17.726, 1.382
17.751, 1.39
17.775, 1.39
17.8, 1.39
17.823, 1.399
17.847, 1.399
17.871, 1.399
17.896, 1.399
17.92, 1.399
17.944, 1.399
17.968, 1.399
17.992, 1.399
18.016, 1.39
18.04, 1.39
18.064, 1.39
18.088, 1.382
18.112, 1.382
18.136, 1.382
18.16, 1.374
18.184, 1.374
18.208, 1.366
18.232, 1.366
18.256, 1.366
18.28, 1.366
18.304, 1.366
18.328, 1.366
18.353, 1.374
18.377, 1.382
18.401, 1.39
18.401, 1.399
18.425, 1.399
18.449, 1.407
18.449, 1.415
18.472, 1.423
18.496, 1.423
18.496, 1.432
18.522, 1.44
18.522, 1.448
18.522, 1.457
18.546, 1.465
18.546, 1.472
18.546, 1.48
18.546, 1.49
18.546, 1.498
18.546, 1.506
18.546, 1.514
18.546, 1.523
18.546, 1.531
18.547, 1.539
18.547, 1.547
18.547, 1.556
18.547, 1.564
18.547, 1.572
18.547, 1.581
18.547, 1.589
18.547, 1.597
18.547, 1.605
18.547, 1.613
18.547, 1.621
18.547, 1.63
18.548, 1.638
18.548, 1.647
18.548, 1.655
18.548, 1.663
18.548, 1.671
18.548, 1.68
18.548, 1.688
18.548, 1.696
18.572, 1.705
18.572, 1.713
18.572, 1.721
18.572, 1.729
18.573, 1.738
18.573, 1.746
18.573, 1.754
18.573, 1.762
18.573, 1.771
18.573, 1.779
18.573, 1.787
18.573, 1.796
18.573, 1.804
18.573, 1.812
18.573, 1.819
18.573, 1.829
18.597, 1.837
18.597, 1.845
18.597, 1.853
18.597, 1.862
18.597, 1.87
18.597, 1.878
18.597, 1.886
18.597, 1.895
18.597, 1.903
18.597, 1.911
18.597, 1.92
18.597, 1.928
18.599, 1.936
18.599, 1.944
18.599, 1.952
18.599, 1.96
18.599, 1.968
18.599, 1.976
18.599, 1.986
18.599, 1.994
18.599, 2.002
18.599, 2.011
18.599, 2.019
18.599, 2.027
18.6, 2.035
18.6, 2.044
18.624, 2.052
18.624, 2.06
18.624, 2.068
18.624, 2.077
18.624, 2.085
18.624, 2.093
18.624, 2.101
18.624, 2.11
18.624, 2.117
18.649, 2.126
18.649, 2.135
18.649, 2.143
18.649, 2.151
18.649, 2.159
18.649, 2.168
18.649, 2.176
18.649, 2.184
18.649, 2.192
18.649, 2.201
18.649, 2.209
18.649, 2.217
18.649, 2.225
18.674, 2.234
18.674, 2.242
18.674, 2.25
18.674, 2.259
18.674, 2.267
18.674, 2.275
18.674, 2.283
18.674, 2.292
18.674, 2.3
18.674, 2.308
18.674, 2.316
18.675, 2.325
18.675, 2.333
18.675, 2.341
18.675, 2.35
18.675, 2.358
18.675, 2.366
18.698, 2.374
18.698, 2.383
18.698, 2.391
18.698, 2.399
18.698, 2.407
18.698, 2.416
18.7, 2.424
18.7, 2.432
18.7, 2.44
18.7, 2.449
18.7, 2.457
18.7, 2.465
18.7, 2.474
18.7, 2.482
18.7, 2.49
18.7, 2.498
18.7, 2.507
18.7, 2.515
18.7, 2.523
18.701, 2.531
18.701, 2.54
18.701, 2.548
18.701, 2.556
18.701, 2.565
18.701, 2.573
18.701, 2.581
18.701, 2.589
18.701, 2.597
18.701, 2.605
18.725, 2.613
18.726, 2.621
18.726, 2.631
18.726, 2.639
18.726, 2.647
18.726, 2.655
18.726, 2.664
18.726, 2.672
18.726, 2.68
18.726, 2.689
18.726, 2.697
18.726, 2.705
18.726, 2.713
18.726, 2.722
18.751, 2.73
18.751, 2.738
18.751, 2.746
18.751, 2.755
18.751, 2.763
18.751, 2.771
18.775, 2.779
18.775, 2.788
18.775, 2.796
18.775, 2.804
18.775, 2.813
18.776, 2.821
18.776, 2.829
18.776, 2.837
18.776, 2.846
18.776, 2.854
18.776, 2.862
18.776, 2.87
18.776, 2.879
18.776, 2.887
18.776, 2.895
18.776, 2.904
18.776, 2.912
18.777, 2.92
18.777, 2.928
18.777, 2.937
18.777, 2.944
18.777, 2.952
18.777, 2.96
18.777, 2.97
18.777, 2.978
18.777, 2.986
18.777, 2.994
18.801, 3.003
18.801, 3.011
18.802, 3.019
18.802, 3.028
18.802, 3.036
18.802, 3.044
18.802, 3.052
18.802, 3.061
18.802, 3.069
18.802, 3.077
18.802, 3.085
18.802, 3.094
18.802, 3.102
18.802, 3.11
18.803, 3.119
18.803, 3.127
18.827, 3.135
18.827, 3.143
18.827, 3.152
18.827, 3.16
18.827, 3.168
18.827, 3.176
18.827, 3.185
18.827, 3.193
18.827, 3.201
18.827, 3.209
18.827, 3.218
18.827, 3.226
18.827, 3.234
18.827, 3.242
18.827, 3.251
18.827, 3.259
18.827, 3.267
18.851, 3.276
18.851, 3.284
18.851, 3.292
18.851, 3.3
18.851, 3.309
18.853, 3.317
18.853, 3.325
18.853, 3.334
18.853, 3.342
18.853, 3.35
18.853, 3.358
18.853, 3.367
18.853, 3.375
18.853, 3.383
18.853, 3.391
18.853, 3.4
18.853, 3.408
18.854, 3.416
18.854, 3.424
18.854, 3.433
18.854, 3.441
18.854, 3.449
18.854, 3.458
18.854, 3.466
18.854, 3.474
18.854, 3.482
18.854, 3.491
18.854, 3.499
18.878, 3.507
18.879, 3.515
18.879, 3.524
18.879, 3.532
18.879, 3.54
18.879, 3.548
18.879, 3.557
18.879, 3.565
18.879, 3.573
18.879, 3.581
18.879, 3.589
18.879, 3.597
18.879, 3.605
18.88, 3.615
18.88, 3.623
18.88, 3.631
18.88, 3.639
18.88, 3.648
18.88, 3.656
18.88, 3.664
18.88, 3.673
18.88, 3.681
18.88, 3.689
18.88, 3.697
18.88, 3.706
18.88, 3.714
18.881, 3.722
18.881, 3.73
18.881, 3.738
18.881, 3.746
18.881, 3.755
18.881, 3.763
18.881, 3.772
18.881, 3.78
18.881, 3.788
18.881, 3.797
18.881, 3.805
18.881, 3.813
18.882, 3.821
18.882, 3.83
18.906, 3.838
18.906, 3.846
18.906, 3.854
18.906, 3.863
18.906, 3.871
18.906, 3.879
18.906, 3.888
18.906, 3.896
18.906, 3.904
18.906, 3.912
18.907, 3.921
18.907, 3.929
18.907, 3.937
18.907, 3.944
18.907, 3.954
18.907, 3.962
18.907, 3.97
18.907, 3.978
18.907, 3.987
18.907, 3.995
18.907, 4.003
18.931, 4.012
18.932, 4.02
18.932, 4.028
18.932, 4.036
18.932, 4.045
18.932, 4.053
18.932, 4.061
18.932, 4.069
18.932, 4.078
18.932, 4.086
18.932, 4.094
18.932, 4.102
18.932, 4.111
18.933, 4.119
18.933, 4.127
18.933, 4.136
18.933, 4.144
18.933, 4.152
18.933, 4.16
18.933, 4.169
18.933, 4.177
18.933, 4.185
18.933, 4.193
18.933, 4.202
18.933, 4.21
18.934, 4.218
18.958, 4.227
18.958, 4.234
18.958, 4.242
18.958, 4.251
18.958, 4.26
18.958, 4.268
18.958, 4.276
18.958, 4.284
18.958, 4.293
18.958, 4.301
18.958, 4.309
18.959, 4.317
18.959, 4.326
18.959, 4.334
18.959, 4.342
18.959, 4.351
18.959, 4.359
18.959, 4.367
18.959, 4.375
18.959, 4.384
18.959, 4.392
18.959, 4.4
18.959, 4.408
18.96, 4.417
18.96, 4.425
18.96, 4.433
18.984, 4.442
18.984, 4.45
18.984, 4.458
18.984, 4.466
18.984, 4.475
18.984, 4.483
18.984, 4.491
18.984, 4.499
18.984, 4.508
18.984, 4.516
18.984, 4.524
18.984, 4.532
18.984, 4.541
18.984, 4.549
18.984, 4.557
18.984, 4.565
18.984, 4.573
18.984, 4.581
18.984, 4.589
18.984, 4.599
18.984, 4.607
18.986, 4.615
18.986, 4.623
18.986, 4.632
18.986, 4.64
18.986, 4.648
18.986, 4.656
18.986, 4.665
18.986, 4.673
18.986, 4.681
18.986, 4.69
18.986, 4.698
18.986, 4.706
18.986, 4.714
18.987, 4.722
18.987, 4.73
18.987, 4.738
18.987, 4.746
18.987, 4.756
18.987, 4.764
18.987, 4.772
18.987, 4.781
18.987, 4.789
18.987, 4.797
18.987, 4.805
18.987, 4.814
18.988, 4.822
18.988, 4.83
18.988, 4.838
18.988, 4.847
18.988, 4.855
18.988, 4.863
18.988, 4.871
18.988, 4.88
19.012, 4.888
19.012, 4.896
19.012, 4.905
19.012, 4.913
19.013, 4.921
19.013, 4.929
19.013, 4.938
19.013, 4.946
19.013, 4.954
19.013, 4.962
19.013, 4.971
19.013, 4.979
19.013, 4.987
19.013, 4.996
19.013, 5.004
19.013, 5.012
19.014, 5.02
19.014, 5.029
19.014, 5.037
19.014, 5.045
19.014, 5.053
19.014, 5.062
19.014, 5.07
19.014, 5.078
19.014, 5.086
19.014, 5.095
19.014, 5.103
19.038, 5.111
19.039, 5.12
19.039, 5.128
19.039, 5.136
19.039, 5.144
19.039, 5.153
19.039, 5.161
19.039, 5.169
19.039, 5.177
19.039, 5.186
19.039, 5.194
19.039, 5.202
19.039, 5.21
19.04, 5.219
19.04, 5.227
19.04, 5.234
19.04, 5.244
19.04, 5.252
19.04, 5.26
19.04, 5.268
19.04, 5.277
19.04, 5.285
19.04, 5.293
19.04, 5.301
19.04, 5.31
19.04, 5.318
19.041, 5.326
19.041, 5.335
19.065, 5.343
19.065, 5.351
19.065, 5.359
19.065, 5.367
19.065, 5.376
19.065, 5.384
19.065, 5.392
19.065, 5.401
19.065, 5.409
19.065, 5.417
19.066, 5.425
19.066, 5.434
19.066, 5.442
19.066, 5.45
19.066, 5.459
19.066, 5.467
19.066, 5.475
19.066, 5.483
19.066, 5.492
19.066, 5.5
19.066, 5.508
19.066, 5.516
19.067, 5.525
19.067, 5.533
19.067, 5.541
19.067, 5.55
19.067, 5.558
19.067, 5.565
19.067, 5.573
19.091, 5.583
19.091, 5.591
19.091, 5.599
19.091, 5.607
19.091, 5.616
19.092, 5.624
19.092, 5.632
19.092, 5.64
19.092, 5.649
19.092, 5.657
19.092, 5.665
19.092, 5.674
19.092, 5.682
19.092, 5.69
19.092, 5.698
19.092, 5.706
19.092, 5.714
19.093, 5.722
19.093, 5.73
19.093, 5.74
19.093, 5.748
19.093, 5.756
19.093, 5.764
19.093, 5.773
19.093, 5.781
19.093, 5.789
19.093, 5.798
19.093, 5.806
19.093, 5.814
19.117, 5.822
19.117, 5.831
19.117, 5.839
19.117, 5.847
19.117, 5.855
19.117, 5.863
19.117, 5.871
19.117, 5.88
19.117, 5.889
19.117, 5.897
19.117, 5.905
19.117, 5.913
19.119, 5.922
19.119, 5.93
19.119, 5.938
19.119, 5.946
19.119, 5.955
19.119, 5.963
19.119, 5.971
19.119, 5.979
19.119, 5.988
19.119, 5.996
19.119, 6.004
19.119, 6.013
19.119, 6.021
19.12, 6.029
19.12, 6.037
19.12, 6.046
19.12, 6.054
19.144, 6.062
19.144, 6.07
19.144, 6.079
19.144, 6.087
19.144, 6.095
19.144, 6.104
19.144, 6.112
19.145, 6.12
19.145, 6.128
19.145, 6.137
19.145, 6.145
19.145, 6.153
19.145, 6.161
19.145, 6.17
19.145, 6.178
19.145, 6.186
19.169, 6.194
19.169, 6.203
19.169, 6.211
19.17, 6.219
19.17, 6.228
19.17, 6.236
19.17, 6.244
19.17, 6.252
19.17, 6.261
19.17, 6.269
19.17, 6.277
19.17, 6.285
19.17, 6.294
19.17, 6.302
19.17, 6.31
19.171, 6.318
19.171, 6.327
19.171, 6.335
19.195, 6.343
19.195, 6.351
19.195, 6.359
19.195, 6.367
19.195, 6.376
19.195, 6.385
19.195, 6.393
19.195, 6.401
19.195, 6.409
19.196, 6.418
19.196, 6.426
19.196, 6.434
19.196, 6.443
19.196, 6.451
19.196, 6.459
19.196, 6.467
19.196, 6.476
19.196, 6.484
19.196, 6.492
19.196, 6.5
19.196, 6.509
19.196, 6.517
19.197, 6.525
19.197, 6.533
19.197, 6.542
19.221, 6.55
19.221, 6.558
19.221, 6.567
19.221, 6.575
19.221, 6.583
19.221, 6.591
19.221, 6.6
19.221, 6.608
19.222, 6.616
19.222, 6.624
19.222, 6.633
19.222, 6.641
19.222, 6.649
19.222, 6.658
19.222, 6.666
19.246, 6.674
19.246, 6.682
19.246, 6.69
19.246, 6.698
19.271, 6.706
19.271, 6.714
19.271, 6.724
19.271, 6.732
19.295, 6.74
19.295, 6.748
19.295, 6.757
19.319, 6.765
19.319, 6.773
19.319, 6.782
19.319, 6.79
19.319, 6.798
19.32, 6.806
19.32, 6.815
19.32, 6.823
19.343, 6.831
19.343, 6.839
19.343, 6.847
19.343, 6.855
19.343, 6.863
19.343, 6.871
19.343, 6.881
19.367, 6.889
19.369, 6.897
19.369, 6.906
19.369, 6.914
19.369, 6.922
19.369, 6.93
19.369, 6.939
19.369, 6.947
19.393, 6.955
19.393, 6.963
19.393, 6.972
19.393, 6.98
19.394, 6.988
19.394, 6.996
19.394, 7.005
19.418, 7.013
19.418, 7.021
19.418, 7.03
19.442, 7.038
19.442, 7.046
19.442, 7.054
19.466, 7.063
19.466, 7.071
19.467, 7.079
19.491, 7.087
19.491, 7.096
19.515, 7.104
19.539, 7.112
19.563, 7.121
19.563, 7.129
19.563, 7.137
19.563, 7.145
19.563, 7.154
19.564, 7.162
19.563, 7.154
19.587, 7.145
19.587, 7.137
19.611, 7.129
19.635, 7.121
19.635, 7.112
19.659, 7.104
19.659, 7.096
19.659, 7.087
19.683, 7.079
19.683, 7.071
19.706, 7.063
19.706, 7.054
19.73, 7.054
19.73, 7.046
19.755, 7.038
19.755, 7.03
19.755, 7.021
19.779, 7.013
19.778, 7.005
19.802, 6.996
19.802, 6.988
19.826, 6.988
19.826, 6.98
19.85, 6.972
19.85, 6.963
19.874, 6.955
19.874, 6.947
19.874, 6.939
19.898, 6.93
19.898, 6.922
19.922, 6.914
19.946, 6.906
19.946, 6.897
19.97, 6.889
19.97, 6.881
19.97, 6.871
19.994, 6.863
19.992, 6.855
19.992, 6.847
19.992, 6.839
19.992, 6.831
19.992, 6.823
19.992, 6.815
19.992, 6.806
19.992, 6.798
19.992, 6.79
19.992, 6.782
19.992, 6.773
19.992, 6.765
19.992, 6.757
19.992, 6.748
19.992, 6.74
20.016, 6.732
20.016, 6.724
20.016, 6.714
20.016, 6.706
20.04, 6.698
20.04, 6.69
20.04, 6.682
20.04, 6.674
20.064, 6.666
20.064, 6.657
20.064, 6.649
20.064, 6.641
20.063, 6.633
20.063, 6.624
20.063, 6.616
20.087, 6.608
20.087, 6.6
20.087, 6.591
20.087, 6.583
20.087, 6.575
20.111, 6.567
20.111, 6.558
20.111, 6.55
20.111, 6.542
20.111, 6.533
20.111, 6.525
20.11, 6.517
20.11, 6.509
20.11, 6.5
20.11, 6.492
20.11, 6.484
20.11, 6.476
20.134, 6.467
20.134, 6.459
20.134, 6.451
20.134, 6.442
20.134, 6.434
20.134, 6.426
20.134, 6.418
20.133, 6.409
20.133, 6.401
20.133, 6.393
20.133, 6.385
20.133, 6.376
20.133, 6.367
20.133, 6.359
20.133, 6.351
20.133, 6.343
20.157, 6.335
20.157, 6.327
20.157, 6.318
20.157, 6.31
20.156, 6.302
20.156, 6.294
20.156, 6.285
20.156, 6.277
20.156, 6.269
20.156, 6.261
20.156, 6.252
20.156, 6.244
20.156, 6.236
20.156, 6.227
20.156, 6.219
20.156, 6.211
20.155, 6.203
20.155, 6.194
20.179, 6.186
20.179, 6.178
20.179, 6.17
20.179, 6.161
20.179, 6.153
20.179, 6.145
20.179, 6.137
20.179, 6.128
20.179, 6.12
20.179, 6.112
20.179, 6.103
20.178, 6.095
20.178, 6.087
20.202, 6.079
20.202, 6.07
20.202, 6.062
20.202, 6.054
20.202, 6.046
20.202, 6.037
20.202, 6.029
20.202, 6.021
20.202, 6.013
20.226, 6.004
20.226, 5.996
20.226, 5.988
20.225, 5.979
20.225, 5.971
20.225, 5.963
20.225, 5.955
20.225, 5.946
20.225, 5.938
20.225, 5.93
20.225, 5.922
20.225, 5.913
20.225, 5.905
20.225, 5.897
20.225, 5.888
20.224, 5.88
20.224, 5.871
20.224, 5.863
20.224, 5.855
20.248, 5.847
20.248, 5.839
20.248, 5.831
20.248, 5.822
20.248, 5.814
20.248, 5.806
20.248, 5.798
20.248, 5.789
20.248, 5.781
20.246, 5.773
20.246, 5.764
20.246, 5.756
20.246, 5.748
20.271, 5.74
20.271, 5.73
20.271, 5.722
20.271, 5.714
20.271, 5.706
20.271, 5.698
20.271, 5.69
20.271, 5.682
20.271, 5.673
20.27, 5.665
20.27, 5.657
20.27, 5.649
20.27, 5.64
20.27, 5.632
20.27, 5.624
20.27, 5.616
20.294, 5.607
20.294, 5.599
20.294, 5.591
20.294, 5.583
20.294, 5.573
20.294, 5.565
20.318, 5.558
20.317, 5.549
20.317, 5.541
20.317, 5.533
20.317, 5.525
20.317, 5.516
20.317, 5.508
20.317, 5.5
20.317, 5.492
20.317, 5.483
20.317, 5.475
20.317, 5.467
20.317, 5.458
20.316, 5.45
20.316, 5.442
20.316, 5.434
20.316, 5.425
20.316, 5.417
20.34, 5.409
20.34, 5.401
20.34, 5.392
20.34, 5.384
20.34, 5.376
20.34, 5.367
20.34, 5.359
20.34, 5.351
20.339, 5.343
20.339, 5.334
20.339, 5.326
20.339, 5.318
20.339, 5.31
20.363, 5.301
20.363, 5.293
20.363, 5.285
20.363, 5.277
20.363, 5.268
20.363, 5.26
20.363, 5.252
20.363, 5.244
20.362, 5.234
20.362, 5.227
20.362, 5.219
20.362, 5.21
20.362, 5.202
20.362, 5.194
20.386, 5.186
20.386, 5.177
20.386, 5.169
20.386, 5.161
20.386, 5.153
20.386, 5.144
20.386, 5.136
20.385, 5.128
20.385, 5.119
20.385, 5.111
20.385, 5.103
20.385, 5.095
20.385, 5.086
20.385, 5.078
20.385, 5.07
20.385, 5.062
20.409, 5.053
20.409, 5.045
20.409, 5.037
20.409, 5.029
20.408, 5.02
20.408, 5.012
20.408, 5.004
20.432, 4.995
20.432, 4.987
20.432, 4.979
20.432, 4.971
20.432, 4.962
20.432, 4.954
20.432, 4.946
20.432, 4.938
20.456, 4.929
20.456, 4.921
20.456, 4.913
20.455, 4.904
20.455, 4.896
20.455, 4.888
20.455, 4.88
20.455, 4.871
20.455, 4.863
20.455, 4.855
20.479, 4.847
20.479, 4.838
20.479, 4.83
20.479, 4.822
20.479, 4.814
20.479, 4.805
20.478, 4.797
20.478, 4.789
20.502, 4.78
20.502, 4.772
20.502, 4.764
20.502, 4.756
20.502, 4.746
20.502, 4.738
20.526, 4.73
20.526, 4.722
20.526, 4.714
20.526, 4.706
20.526, 4.698
20.526, 4.689
20.525, 4.681
20.525, 4.673
20.549, 4.665
20.549, 4.656
20.549, 4.648
20.549, 4.64
20.549, 4.632
20.549, 4.623
20.549, 4.615
20.549, 4.607
20.549, 4.599
20.549, 4.589
20.549, 4.581
20.548, 4.573
20.548, 4.565
20.572, 4.557
20.572, 4.549
20.572, 4.541
20.572, 4.532
20.572, 4.524
20.572, 4.516
20.596, 4.508
20.596, 4.499
20.596, 4.491
20.596, 4.483
20.596, 4.475
20.595, 4.466
20.595, 4.458
20.619, 4.45
20.619, 4.441
20.619, 4.433
20.619, 4.425
20.619, 4.417
20.619, 4.408
20.619, 4.4
20.619, 4.392
20.619, 4.384
20.643, 4.375
20.643, 4.367
20.643, 4.359
20.642, 4.35
20.642, 4.342
20.642, 4.334
20.642, 4.326
20.642, 4.317
20.642, 4.309
20.642, 4.301
20.642, 4.293
20.642, 4.284
20.666, 4.276
20.666, 4.268
20.666, 4.26
20.666, 4.251
20.665, 4.242
20.689, 4.234
20.689, 4.226
20.689, 4.218
20.689, 4.21
20.689, 4.202
20.713, 4.193
20.713, 4.185
20.713, 4.177
20.713, 4.169
20.713, 4.16
20.713, 4.152
20.737, 4.144
20.737, 4.135
20.736, 4.127
20.736, 4.119
20.736, 4.111
20.76, 4.102
20.76, 4.094
20.76, 4.086
20.76, 4.078
20.76, 4.069
20.784, 4.061
20.784, 4.053
20.784, 4.045
20.784, 4.036
20.784, 4.028
20.808, 4.02
20.808, 4.011
20.807, 4.003
20.807, 3.995
20.807, 3.987
20.807, 3.978
20.831, 3.97
20.831, 3.962
20.831, 3.954
20.831, 3.944
20.855, 3.937
20.855, 3.929
20.855, 3.92
20.855, 3.912
20.855, 3.904
20.854, 3.896
20.878, 3.887
20.878, 3.879
20.878, 3.871
20.878, 3.863
20.902, 3.854
20.902, 3.846
20.902, 3.838
20.902, 3.83
20.902, 3.821
20.926, 3.813
20.926, 3.805
20.926, 3.796
20.926, 3.788
20.925, 3.78
20.948, 3.772
20.948, 3.763
20.948, 3.755
20.948, 3.746
20.972, 3.738
20.972, 3.73
20.972, 3.722
20.972, 3.714
20.996, 3.705
20.996, 3.697
20.996, 3.689
20.996, 3.681
20.996, 3.672
20.996, 3.664
20.996, 3.656
20.996, 3.648
20.996, 3.639
20.996, 3.631
21.02, 3.623
21.02, 3.615
21.02, 3.605
21.02, 3.597
21.02, 3.589
21.02, 3.581
21.02, 3.573
21.044, 3.565
21.044, 3.557
21.043, 3.548
21.043, 3.54
21.043, 3.532
21.043, 3.524
21.067, 3.515
21.067, 3.507
21.067, 3.499
21.067, 3.491
21.067, 3.482
21.067, 3.474
21.067, 3.466
21.067, 3.457
21.067, 3.449
21.066, 3.441
21.066, 3.433
21.09, 3.424
21.09, 3.416
21.09, 3.408
21.09, 3.4
21.09, 3.391
21.09, 3.383
21.09, 3.375
21.09, 3.366
21.114, 3.358
21.114, 3.35
21.114, 3.342
21.114, 3.333
21.113, 3.325
21.113, 3.317
21.113, 3.309
21.137, 3.3
21.137, 3.292
21.137, 3.284
21.137, 3.276
21.137, 3.267
21.137, 3.259
21.161, 3.251
21.161, 3.242
21.161, 3.234
21.161, 3.226
21.161, 3.218
21.16, 3.209
21.16, 3.201
21.16, 3.193
21.16, 3.185
21.16, 3.176
21.16, 3.168
21.184, 3.16
21.184, 3.151
21.184, 3.143
21.184, 3.135
21.184, 3.127
21.184, 3.117
21.184, 3.11
21.207, 3.102
21.207, 3.094
21.207, 3.085
21.207, 3.077
21.207, 3.069
21.207, 3.061
21.207, 3.052
21.207, 3.044
21.231, 3.036
21.231, 3.027
21.231, 3.019
21.231, 3.011
21.231, 3.003
21.23, 2.994
21.23, 2.986
21.23, 2.978
21.23, 2.97
21.254, 2.96
21.254, 2.952
21.254, 2.944
21.254, 2.936
21.254, 2.928
21.254, 2.92
21.254, 2.912
21.254, 2.903
21.278, 2.895
21.278, 2.887
21.277, 2.879
21.277, 2.87
21.277, 2.862
21.277, 2.854
21.277, 2.846
21.277, 2.837
21.301, 2.829
21.301, 2.821
21.301, 2.812
21.301, 2.804
21.301, 2.796
21.325, 2.788
21.325, 2.779
21.325, 2.771
21.324, 2.763
21.324, 2.755
21.324, 2.746
21.347, 2.738
21.347, 2.73
21.347, 2.721
21.347, 2.713
21.347, 2.705
21.371, 2.697
21.371, 2.688
21.371, 2.68
21.371, 2.672
21.371, 2.664
21.371, 2.655
21.395, 2.647
21.395, 2.639
21.395, 2.631
21.395, 2.621
21.395, 2.613
21.419, 2.605
21.419, 2.597
21.419, 2.589
21.419, 2.581
21.419, 2.573
21.419, 2.564
21.443, 2.556
21.443, 2.548
21.443, 2.54
21.466, 2.531
21.466, 2.523
21.466, 2.515
21.466, 2.507
21.466, 2.498
21.466, 2.49
21.466, 2.482
21.49, 2.472
21.49, 2.465
21.49, 2.457
21.49, 2.449
21.49, 2.44
21.49, 2.432
21.488, 2.424
21.513, 2.416
21.513, 2.407
21.513, 2.399
21.513, 2.391
21.537, 2.382
21.537, 2.374
21.537, 2.366
21.537, 2.358
21.561, 2.349
21.561, 2.341
21.561, 2.333
21.561, 2.325
21.561, 2.316
21.56, 2.308
21.56, 2.3
21.584, 2.292
21.584, 2.283
21.584, 2.275
21.584, 2.267
21.608, 2.258
21.608, 2.25
21.608, 2.242
21.608, 2.234
21.632, 2.225
21.632, 2.217
21.632, 2.209
21.632, 2.201
21.632, 2.192
21.655, 2.184
21.655, 2.176
21.655, 2.167
21.679, 2.159
21.679, 2.151
21.679, 2.143
21.679, 2.134
21.702, 2.126
21.702, 2.117
21.702, 2.11
21.726, 2.101
21.726, 2.093
21.726, 2.085
21.726, 2.077
21.726, 2.068
21.75, 2.06
21.75, 2.052
21.75, 2.043
21.774, 2.035
21.774, 2.027
21.774, 2.019
21.774, 2.01
21.798, 2.002
21.798, 1.994
21.798, 1.986
21.798, 1.976
21.822, 1.968
21.822, 1.96
21.822, 1.952
21.846, 1.944
21.845, 1.936
21.845, 1.928
21.845, 1.919
21.869, 1.911
21.869, 1.903
21.869, 1.895
21.869, 1.886
21.893, 1.878
21.893, 1.87
21.893, 1.862
21.893, 1.853
21.917, 1.845
21.917, 1.837
21.917, 1.827
21.94, 1.819
21.94, 1.812
21.94, 1.804
21.964, 1.795
21.964, 1.787
21.964, 1.779
21.964, 1.771
21.964, 1.762
21.964, 1.754
21.964, 1.746
21.988, 1.737
21.988, 1.729
22.012, 1.729
22.012, 1.721
22.012, 1.713
22.036, 1.704
22.036, 1.696
22.035, 1.688
22.035, 1.68
22.059, 1.671
22.059, 1.663
22.059, 1.655
22.059, 1.647
22.059, 1.638
22.083, 1.63
22.083, 1.621
22.107, 1.613
22.107, 1.605
22.107, 1.597
22.131, 1.589
22.131, 1.58
22.131, 1.572
22.13, 1.564
22.13, 1.556
22.13, 1.547
22.154, 1.539
22.154, 1.531
22.154, 1.522
22.154, 1.514
22.178, 1.506
22.178, 1.498
22.202, 1.488
22.202, 1.48
22.202, 1.472
22.226, 1.465
22.226, 1.456
22.226, 1.448
22.225, 1.44
22.225, 1.432
22.249, 1.423
22.249, 1.415
22.273, 1.415
22.273, 1.407
22.297, 1.398
22.297, 1.39
22.321, 1.382
22.321, 1.374
22.321, 1.365
22.321, 1.357
22.321, 1.349
22.321, 1.341
22.345, 1.332
22.345, 1.324
22.369, 1.324
22.369, 1.316
22.393, 1.307
22.392, 1.299
22.416, 1.291
22.416, 1.283
22.44, 1.274
22.464, 1.266
22.464, 1.258
22.488, 1.25
22.512, 1.241
22.512, 1.233
22.512, 1.225
22.512, 1.217
22.536, 1.208
22.536, 1.2
22.536, 1.192
22.56, 1.183
22.56, 1.175
22.584, 1.167
22.583, 1.159
22.607, 1.15
22.607, 1.142
22.631, 1.134
22.631, 1.126
22.631, 1.117
22.631, 1.109
22.655, 1.101
22.679, 1.092
22.679, 1.084
22.702, 1.076
22.702, 1.068
22.702, 1.059
22.726, 1.051
22.751, 1.043
22.775, 1.035
22.775, 1.026
22.775, 1.018
22.798, 1.01
22.798, 1.002
22.822, 0.992
22.822, 0.984
22.846, 0.976
22.87, 0.968
22.87, 0.96
22.87, 0.952
22.894, 0.944
22.918, 0.935
22.918, 0.927
22.942, 0.919
22.942, 0.911
22.966, 0.902
22.966, 0.894
22.99, 0.886
22.99, 0.877
23.014, 0.869
23.038, 0.861
23.037, 0.853
23.061, 0.843
23.061, 0.835
23.085, 0.827
23.085, 0.819
23.109, 0.811
23.133, 0.803
23.133, 0.795
23.157, 0.787
23.157, 0.778
23.181, 0.77
23.205, 0.762
23.229, 0.753
23.229, 0.745
23.253, 0.737
23.253, 0.729
23.277, 0.72
23.301, 0.712
23.301, 0.704
23.325, 0.696
23.349, 0.687
23.347, 0.679
23.371, 0.671
23.371, 0.662
23.396, 0.654
23.42, 0.646
23.444, 0.638
23.444, 0.629
23.468, 0.621
23.492, 0.613
23.492, 0.605
23.516, 0.596
23.54, 0.588
23.564, 0.58
23.564, 0.572
23.588, 0.563
23.612, 0.555
23.636, 0.547
23.636, 0.538
23.66, 0.53
23.684, 0.522
23.684, 0.514
23.708, 0.514
23.732, 0.505
23.73, 0.496
23.755, 0.488
23.779, 0.48
23.803, 0.472
23.803, 0.464
23.827, 0.456
23.851, 0.456
23.851, 0.447
23.875, 0.439
23.899, 0.431
23.923, 0.423
23.947, 0.414
23.947, 0.406
23.971, 0.406
23.971, 0.398
23.995, 0.39
24.019, 0.381
24.043, 0.373
24.067, 0.365
24.091, 0.357
24.115, 0.347
24.139, 0.347
24.163, 0.34
24.187, 0.34
24.211, 0.332
24.234, 0.323
24.259, 0.315
24.283, 0.315
24.307, 0.307
24.331, 0.307
24.355, 0.299
24.379, 0.29
24.403, 0.29
24.427, 0.282
24.451, 0.282
24.475, 0.274
24.499, 0.274
24.523, 0.266
24.547, 0.266
24.571, 0.266
24.595, 0.257
24.619, 0.257
24.643, 0.257
24.667, 0.249
24.69, 0.249
24.714, 0.249
24.738, 0.249
24.763, 0.241
24.787, 0.241
24.811, 0.241
24.835, 0.232
24.859, 0.232
24.883, 0.232
24.907, 0.224
24.931, 0.224
24.955, 0.224
24.979, 0.224
25.003, 0.216
25.027, 0.216
25.052, 0.216
25.076, 0.208
25.1, 0.208
25.124, 0.208
25.148, 0.199
25.172, 0.199
25.196, 0.199
25.22, 0.199
25.244, 0.191
25.268, 0.191
25.292, 0.191
25.316, 0.191
25.34, 0.183
25.363, 0.183
25.388, 0.183
25.412, 0.175
25.436, 0.175
25.46, 0.175
25.484, 0.175
25.508, 0.175
25.532, 0.175
25.556, 0.175
25.58, 0.166
25.604, 0.166
25.628, 0.166
25.652, 0.166
25.676, 0.166
25.7, 0.166
25.724, 0.166
25.749, 0.166
25.773, 0.166
25.797, 0.166
25.821, 0.166
25.845, 0.166
25.869, 0.166
25.893, 0.166
25.917, 0.166
25.94, 0.166
25.964, 0.166
25.988, 0.166
26.013, 0.166
26.037, 0.158
26.061, 0.158
26.085, 0.158
26.109, 0.158
26.133, 0.158
26.157, 0.158
26.181, 0.158
26.205, 0.158
26.229, 0.158
26.254, 0.158
26.278, 0.158
26.302, 0.158
26.326, 0.158
26.35, 0.158
26.374, 0.158
26.398, 0.158
26.422, 0.158
26.446, 0.158
26.47, 0.158
26.494, 0.158
26.518, 0.15
26.542, 0.15
26.565, 0.15
26.589, 0.15
26.613, 0.15
26.638, 0.15
26.662, 0.15
26.686, 0.15
26.71, 0.15
26.734, 0.15
26.758, 0.141
26.783, 0.141
26.807, 0.141
26.831, 0.141
26.855, 0.141
26.879, 0.141
26.903, 0.141
26.927, 0.141
26.951, 0.141
26.975, 0.141
26.999, 0.141
27.023, 0.141
27.047, 0.141
27.071, 0.141
27.095, 0.141
27.119, 0.141
27.143, 0.141
27.167, 0.141
27.191, 0.141
27.215, 0.141
27.238, 0.141
27.264, 0.141
27.288, 0.141
27.312, 0.141
27.336, 0.141
27.359, 0.141
27.384, 0.141
27.408, 0.133
27.432, 0.133
27.456, 0.133
27.48, 0.133
27.504, 0.133
27.528, 0.133
27.552, 0.133
27.576, 0.133
27.6, 0.133
27.624, 0.133
27.648, 0.133
27.672, 0.133
27.696, 0.133
27.72, 0.133
27.744, 0.133
27.769, 0.133
27.793, 0.133
27.817, 0.133
27.841, 0.133
27.865, 0.133
27.889, 0.133
27.913, 0.133
27.937, 0.133
27.96, 0.133
27.984, 0.133
28.009, 0.133
28.033, 0.133
28.057, 0.133
28.081, 0.133
28.105, 0.141
28.129, 0.141
28.154, 0.15
28.178, 0.158
28.202, 0.158
28.226, 0.166
28.25, 0.174
28.274, 0.174
28.298, 0.183
28.322, 0.183
28.346, 0.183
28.37, 0.191
28.394, 0.191
28.419, 0.199
28.443, 0.207
28.467, 0.207
28.491, 0.216
28.515, 0.216
28.539, 0.224
28.563, 0.224
28.587, 0.232
28.611, 0.232
28.635, 0.232
28.659, 0.241
28.684, 0.241
28.708, 0.241
28.732, 0.241
28.756, 0.241
28.78, 0.241
28.804, 0.241
28.827, 0.241
28.851, 0.241
28.876, 0.241
28.9, 0.241
28.924, 0.241
28.948, 0.241
28.972, 0.241
28.996, 0.241
29.02, 0.241
29.044, 0.241
29.068, 0.241
29.092, 0.241
29.116, 0.241
29.141, 0.241
29.165, 0.241
29.189, 0.241
29.213, 0.232
29.237, 0.232
29.261, 0.232
29.285, 0.241
29.309, 0.241
29.333, 0.241
29.357, 0.241
29.381, 0.249
29.405, 0.249
29.429, 0.257
29.453, 0.265
29.476, 0.265
29.502, 0.274
29.526, 0.274
29.55, 0.282
29.573, 0.29
29.597, 0.29
29.621, 0.298
29.646, 0.298
29.67, 0.298
29.694, 0.298
29.718, 0.298
29.742, 0.298
29.766, 0.298
29.79, 0.298
29.815, 0.298
29.839, 0.298
29.863, 0.298
29.887, 0.298
29.911, 0.298
29.935, 0.298
29.959, 0.298
29.983, 0.29
30.007, 0.29
30.031, 0.29
30.055, 0.29
30.079, 0.29
30.103, 0.29
30.127, 0.29
30.151, 0.29
30.175, 0.298
30.199, 0.298
30.223, 0.307
30.248, 0.315
30.272, 0.315
30.296, 0.315
30.32, 0.323
30.343, 0.331
30.367, 0.34
30.392, 0.34
30.392, 0.347
30.416, 0.355
30.44, 0.355
30.465, 0.363
30.465, 0.373
30.488, 0.373
30.513, 0.381
30.537, 0.389
30.561, 0.398
30.585, 0.398
30.609, 0.406
30.633, 0.414
30.633, 0.422
30.658, 0.431
30.682, 0.431
30.706, 0.439
30.73, 0.447
30.754, 0.455
30.778, 0.464
30.802, 0.472
30.802, 0.48
30.826, 0.48
30.827, 0.488
30.851, 0.496
30.851, 0.505
30.875, 0.513
30.875, 0.522
30.899, 0.53
30.899, 0.538
30.899, 0.546
30.923, 0.555
30.923, 0.563
30.948, 0.571
30.948, 0.579
30.972, 0.588
30.972, 0.596
30.972, 0.604
30.972, 0.613
30.996, 0.621
30.996, 0.629
31.02, 0.637
31.02, 0.646
31.045, 0.654
31.045, 0.662
31.069, 0.67
31.093, 0.679
31.093, 0.687
31.117, 0.694
31.141, 0.702
31.165, 0.712
31.19, 0.72
31.214, 0.728
31.238, 0.737
31.262, 0.745
31.286, 0.745
31.31, 0.753
31.334, 0.761
31.358, 0.761
31.382, 0.77
31.407, 0.77
31.431, 0.778
31.455, 0.778
31.455, 0.786
31.479, 0.786
31.503, 0.786
31.527, 0.786
31.551, 0.786
31.575, 0.786
31.599, 0.786
31.623, 0.786
31.647, 0.786
31.671, 0.786
31.694, 0.786
31.718, 0.786
31.742, 0.786
31.767, 0.786
31.791, 0.786
31.815, 0.786
31.839, 0.786
31.863, 0.786
31.888, 0.786
31.912, 0.786
31.936, 0.786
31.96, 0.786
31.984, 0.786
32.008, 0.786
32.032, 0.786
32.056, 0.778
32.08, 0.778
32.104, 0.77
32.128, 0.77
32.152, 0.77
32.176, 0.761
32.2, 0.761
32.224, 0.753
32.248, 0.745
32.272, 0.745
32.296, 0.737
32.296, 0.728
32.32, 0.728
32.343, 0.72
32.343, 0.712
32.367, 0.702
32.392, 0.694
32.416, 0.687
32.416, 0.679
32.44, 0.67
32.464, 0.67
32.464, 0.662
32.488, 0.654
32.512, 0.646
32.536, 0.637
32.56, 0.629
32.584, 0.621
32.583, 0.612
32.583, 0.604
32.607, 0.604
32.607, 0.596
32.631, 0.588
32.655, 0.579
32.655, 0.571
32.679, 0.563
32.679, 0.555
32.702, 0.546
32.702, 0.538
32.726, 0.538
32.726, 0.53
32.726, 0.521
32.751, 0.513
32.751, 0.505
32.775, 0.496
32.775, 0.488
32.799, 0.48
32.823, 0.472
32.823, 0.464
32.847, 0.455
32.846, 0.447
32.87, 0.447
32.87, 0.439
32.894, 0.431
32.918, 0.422
32.942, 0.414
32.966, 0.406
32.966, 0.397
32.99, 0.389
33.014, 0.381
33.038, 0.373
33.062, 0.363
33.062, 0.355
33.062, 0.347
33.086, 0.34
33.11, 0.34
33.134, 0.331
33.158, 0.323
33.182, 0.323
33.206, 0.315
33.23, 0.315
33.254, 0.306
33.278, 0.306
33.302, 0.306
33.326, 0.306
33.35, 0.306
33.374, 0.298
33.398, 0.298
33.422, 0.298
33.446, 0.298
33.47, 0.298
33.494, 0.29
33.518, 0.29
33.542, 0.29
33.565, 0.282
33.589, 0.282
33.613, 0.282
33.638, 0.273
33.662, 0.273
33.687, 0.273
33.71, 0.273
33.734, 0.265
33.759, 0.265
33.783, 0.265
33.807, 0.257
33.831, 0.257
33.855, 0.257
33.879, 0.249
33.903, 0.249
33.927, 0.249
33.951, 0.249
33.975, 0.249
33.999, 0.249
34.023, 0.249
34.047, 0.249
34.071, 0.24
34.095, 0.24
34.119, 0.24
34.143, 0.24
34.167, 0.24
34.191, 0.24
34.215, 0.24
34.238, 0.24
34.263, 0.232
34.287, 0.232
34.311, 0.224
34.335, 0.224
34.359, 0.224
34.383, 0.215
34.408, 0.215
34.432, 0.215
34.456, 0.207
34.48, 0.207
34.504, 0.207
34.528, 0.199
34.552, 0.199
34.576, 0.191
34.6, 0.191
34.624, 0.191
34.648, 0.191
34.672, 0.191
34.696, 0.191
34.72, 0.191
34.744, 0.191
34.768, 0.191
34.792, 0.191
34.815, 0.191
34.839, 0.191
34.863, 0.191
34.888, 0.191
34.912, 0.191
34.936, 0.191
34.96, 0.191
34.984, 0.199
35.009, 0.199
35.033, 0.199
35.057, 0.199
35.081, 0.199
35.105, 0.199
35.129, 0.199
35.153, 0.199
35.177, 0.199
35.201, 0.199
35.225, 0.199
35.249, 0.199
35.273, 0.199
35.297, 0.199
35.321, 0.199
35.345, 0.199
35.369, 0.199
35.393, 0.199
35.417, 0.199
35.442, 0.199
35.466, 0.199
35.49, 0.191
35.514, 0.191
35.538, 0.191
35.562, 0.191
35.585, 0.191
35.609, 0.191
35.634, 0.191
35.658, 0.191
35.682, 0.191
35.706, 0.191
35.73, 0.191
35.754, 0.191
35.778, 0.191
35.802, 0.191
35.826, 0.191
35.85, 0.191
35.874, 0.191
35.898, 0.191
35.922, 0.191
35.947, 0.191
35.971, 0.191
35.995, 0.191
36.019, 0.191
36.043, 0.191
36.067, 0.191
36.091, 0.191
36.115, 0.191
36.139, 0.191
36.163, 0.191
36.187, 0.191
36.211, 0.191
36.234, 0.191
36.259, 0.191
36.283, 0.191
36.307, 0.191
36.331, 0.191
36.355, 0.191
36.379, 0.191
36.404, 0.191
36.428, 0.191
36.452, 0.191
36.476, 0.191
36.5, 0.191
36.524, 0.191
36.548, 0.191
36.572, 0.191
36.596, 0.191
36.62, 0.191
36.644, 0.182
36.668, 0.182
36.692, 0.182
36.716, 0.182
36.74, 0.182
36.764, 0.174
36.788, 0.174
36.812, 0.174
36.835, 0.174
36.859, 0.174
36.884, 0.174
36.908, 0.174
36.932, 0.174
36.956, 0.166
36.98, 0.166
37.005, 0.166
37.029, 0.166
37.053, 0.166
37.077, 0.166
37.101, 0.166
37.125, 0.166
37.149, 0.166
37.173, 0.166
37.197, 0.166
37.221, 0.166
37.245, 0.166
37.269, 0.166
37.293, 0.166
37.317, 0.166
37.341, 0.174
37.365, 0.174
37.389, 0.174
37.414, 0.174
37.438, 0.174
37.462, 0.174
37.486, 0.174
37.51, 0.174
37.534, 0.174
37.558, 0.174
37.581, 0.174
37.605, 0.174
37.63, 0.174
37.654, 0.174
37.678, 0.174
37.702, 0.174
37.726, 0.174
37.75, 0.174
37.774, 0.174
37.798, 0.174
37.822, 0.174
37.846, 0.174
37.87, 0.174
37.895, 0.174
37.919, 0.174
37.943, 0.166
37.967, 0.166
37.991, 0.166
38.015, 0.166
38.039, 0.157
38.063, 0.157
38.087, 0.157
38.111, 0.157
38.135, 0.149
38.159, 0.149
38.183, 0.149
38.207, 0.149
38.231, 0.149
38.255, 0.149
38.279, 0.149
38.303, 0.149
38.327, 0.149
38.351, 0.149
38.375, 0.149
38.399, 0.149
38.424, 0.157
38.448, 0.157
38.472, 0.157
38.496, 0.157
38.52, 0.157
38.544, 0.157
38.568, 0.157
38.592, 0.157
38.616, 0.157
38.64, 0.157
38.664, 0.157
38.688, 0.157
38.712, 0.157
38.736, 0.157
38.76, 0.166
38.784, 0.166
38.808, 0.166
38.831, 0.166
38.857, 0.166
38.881, 0.166
38.905, 0.174
38.929, 0.174
38.952, 0.182
38.976, 0.19
39.001, 0.19
39.025, 0.199
39.049, 0.199
39.073, 0.207
39.097, 0.207
39.121, 0.215
39.146, 0.215
39.17, 0.224
39.194, 0.224
39.218, 0.224
39.242, 0.232
39.266, 0.232
39.29, 0.232
39.314, 0.232
39.338, 0.232
39.362, 0.24
39.386, 0.24
39.41, 0.24
39.434, 0.24
39.459, 0.248
39.483, 0.248
39.507, 0.248
39.531, 0.248
39.555, 0.248
39.579, 0.248
39.603, 0.248
39.627, 0.248
39.651, 0.257
39.675, 0.257
39.698, 0.257
39.722, 0.257
39.746, 0.257
39.771, 0.257
39.795, 0.257
39.819, 0.257
39.843, 0.257
39.867, 0.265
39.892, 0.265
39.916, 0.265
39.94, 0.273
39.964, 0.273
39.988, 0.273
40.012, 0.281
40.036, 0.281
40.06, 0.29
40.084, 0.298
40.109, 0.306
40.133, 0.314
40.157, 0.314
40.181, 0.323
40.205, 0.323
40.205, 0.331
40.229, 0.339
40.253, 0.347
40.277, 0.355
40.302, 0.363
40.326, 0.371
40.35, 0.381
40.35, 0.389
40.35, 0.397
40.35, 0.405
40.374, 0.414
40.374, 0.422
40.374, 0.43
40.374, 0.438
40.399, 0.447
40.399, 0.455
40.423, 0.463
40.447, 0.472
40.447, 0.48
40.447, 0.488
40.471, 0.496
40.471, 0.505
40.495, 0.513
40.52, 0.521
40.52, 0.529
40.544, 0.538
40.544, 0.546
40.568, 0.554
40.592, 0.562
40.592, 0.571
40.616, 0.579
40.616, 0.587
40.641, 0.596
40.641, 0.604
40.641, 0.612
40.641, 0.62
40.641, 0.629
40.641, 0.637
40.641, 0.645
40.641, 0.653
40.641, 0.662
40.641, 0.67
40.665, 0.678
40.665, 0.687
40.666, 0.694
40.69, 0.702
40.69, 0.71
40.69, 0.72
40.69, 0.728
40.69, 0.736
40.69, 0.744
40.69, 0.753
40.714, 0.761
40.714, 0.769
40.714, 0.777
40.714, 0.786
40.738, 0.794
40.738, 0.802
40.738, 0.811
40.763, 0.819
40.763, 0.827
40.763, 0.835
40.763, 0.843
40.763, 0.851
40.763, 0.859
40.763, 0.867
40.788, 0.877
40.788, 0.885
40.788, 0.893
40.788, 0.901
40.788, 0.91
40.788, 0.918
40.812, 0.926
40.812, 0.935
40.812, 0.943
40.812, 0.951
40.812, 0.959
40.837, 0.968
40.837, 0.976
40.837, 0.984
40.837, 0.992
40.861, 1.001
40.861, 1.009
40.861, 1.017
40.861, 1.026
40.861, 1.034
40.861, 1.042
40.885, 1.05
40.886, 1.059
40.886, 1.067
40.886, 1.075
40.886, 1.083
40.886, 1.092
40.886, 1.1
40.91, 1.108
40.91, 1.116
40.91, 1.125
40.91, 1.133
40.934, 1.141
40.935, 1.15
40.935, 1.158
40.935, 1.166
40.959, 1.174
40.959, 1.183
40.959, 1.191
40.959, 1.199
40.959, 1.207
40.959, 1.216
40.959, 1.224
40.983, 1.232
40.984, 1.24
40.984, 1.249
41.008, 1.257
41.008, 1.265
41.008, 1.274
41.032, 1.274
41.032, 1.282
41.032, 1.29
41.056, 1.298
41.056, 1.307
41.056, 1.315
41.056, 1.323
41.057, 1.331
41.057, 1.34
41.057, 1.347
41.081, 1.355
41.081, 1.365
41.081, 1.373
41.105, 1.381
41.105, 1.389
41.105, 1.398
41.129, 1.406
41.13, 1.414
41.154, 1.422
41.154, 1.431
41.154, 1.439
41.178, 1.447
41.178, 1.455
41.202, 1.464
41.226, 1.472
41.226, 1.48
41.251, 1.488
41.251, 1.496
41.275, 1.505
41.275, 1.513
41.299, 1.522
41.323, 1.53
41.323, 1.538
41.347, 1.546
41.371, 1.546
41.395, 1.546
41.419, 1.546
41.42, 1.555
41.444, 1.555
41.444, 1.563
41.468, 1.563
41.468, 1.555
41.468, 1.546
41.467, 1.538
41.468, 1.546
41.492, 1.546
41.516, 1.546
41.54, 1.546
41.54, 1.538
41.564, 1.53
41.588, 1.53
41.612, 1.53
41.636, 1.53
41.612, 1.53
41.588, 1.53
41.564, 1.53
41.54, 1.53
41.516, 1.538
41.492, 1.538
41.467, 1.538
41.443, 1.538
41.467, 1.53
41.491, 1.53
41.515, 1.53
41.54, 1.53
41.539, 1.522
41.564, 1.522
41.588, 1.522
41.612, 1.522
41.636, 1.513
41.66, 1.505
41.684, 1.496
41.706, 1.488
41.706, 1.48
41.706, 1.472
41.706, 1.464
41.706, 1.455
41.73, 1.447
41.755, 1.439
41.779, 1.431
41.803, 1.422
41.803, 1.414
41.827, 1.406
41.851, 1.398
41.851, 1.389
41.875, 1.381
41.875, 1.373
41.899, 1.363
41.923, 1.355
41.923, 1.347
41.947, 1.34
41.946, 1.331
41.97, 1.323
41.97, 1.315
41.994, 1.315
41.994, 1.307
41.994, 1.298
41.994, 1.29
41.994, 1.282
42.018, 1.274
42.018, 1.265
42.042, 1.257
42.066, 1.249
42.066, 1.24
42.09, 1.232
42.09, 1.224
42.114, 1.216
42.114, 1.207
42.114, 1.199
42.113, 1.191
42.137, 1.183
42.137, 1.174
42.161, 1.174
42.161, 1.166
42.185, 1.158
42.185, 1.149
42.185, 1.141
42.185, 1.133
42.209, 1.125
42.209, 1.116
42.233, 1.108
42.257, 1.1
42.257, 1.092
42.257, 1.083
42.281, 1.075
42.281, 1.067
42.281, 1.059
42.28, 1.05
42.28, 1.042
42.28, 1.034
42.304, 1.025
42.304, 1.017
42.328, 1.009
42.351, 1.001
42.351, 0.992
42.376, 0.984
42.376, 0.976
42.376, 0.968
42.4, 0.959
42.4, 0.951
42.4, 0.943
42.424, 0.934
42.424, 0.926
42.448, 0.918
42.447, 0.91
42.471, 0.901
42.471, 0.893
42.471, 0.885
42.471, 0.877
42.495, 0.867
42.519, 0.859
42.519, 0.851
42.543, 0.843
42.567, 0.835
42.567, 0.827
42.591, 0.819
42.615, 0.81
42.615, 0.802
42.639, 0.794
42.639, 0.786
42.663, 0.777
42.663, 0.769
42.686, 0.761
42.71, 0.753
42.734, 0.744
42.734, 0.736
42.758, 0.728
42.782, 0.718
42.806, 0.71
42.806, 0.702
42.83, 0.694
42.854, 0.686
42.878, 0.678
42.878, 0.67
42.902, 0.67
42.926, 0.662
42.926, 0.653
42.95, 0.645
42.974, 0.645
42.974, 0.637
42.998, 0.629
43.022, 0.62
43.046, 0.612
43.07, 0.604
43.094, 0.595
43.094, 0.587
43.117, 0.579
43.142, 0.571
43.142, 0.562
43.165, 0.554
43.189, 0.546
43.189, 0.538
43.213, 0.529
43.237, 0.521
43.237, 0.513
43.261, 0.504
43.261, 0.496
43.285, 0.488
43.309, 0.48
43.309, 0.471
43.333, 0.463
43.333, 0.455
43.357, 0.447
43.381, 0.438
43.405, 0.43
43.429, 0.43
43.429, 0.422
43.453, 0.422
43.476, 0.414
43.501, 0.405
43.525, 0.405
43.525, 0.397
43.549, 0.397
43.573, 0.389
43.597, 0.389
43.621, 0.38
43.645, 0.371
43.669, 0.371
43.693, 0.363
43.717, 0.363
43.741, 0.355
43.765, 0.355
43.789, 0.347
43.813, 0.347
43.837, 0.347
43.861, 0.339
43.885, 0.339
43.909, 0.339
43.933, 0.331
43.956, 0.331
43.98, 0.331
44.005, 0.331
44.029, 0.323
44.053, 0.323
44.077, 0.323
44.101, 0.323
44.125, 0.323
44.149, 0.323
44.173, 0.314
44.197, 0.314
44.221, 0.314
44.245, 0.314
44.269, 0.306
44.293, 0.306
44.318, 0.306
44.342, 0.306
44.366, 0.298
44.39, 0.298
44.414, 0.298
44.438, 0.298
44.462, 0.289
44.486, 0.289
44.51, 0.289
44.534, 0.289
44.558, 0.289
44.581, 0.281
44.605, 0.281
44.63, 0.281
44.654, 0.281
44.678, 0.273
44.702, 0.273
44.726, 0.265
44.75, 0.265
44.774, 0.256
44.798, 0.248
44.822, 0.248
44.846, 0.24
44.87, 0.24
44.894, 0.24
44.918, 0.232
44.942, 0.223
