-3.105e-2, 0.515
-6.916e-3, 0.523
1.714e-2, 0.523
1.722e-2, 0.531
4.127e-2, 0.531
6.532e-2, 0.531
8.937e-2, 0.531
0.114, 0.54
0.138, 0.548
0.138, 0.556
0.162, 0.564
0.186, 0.573
0.21, 0.581
0.21, 0.589
0.234, 0.597
0.258, 0.605
0.283, 0.613
0.283, 0.621
0.307, 0.621
0.307, 0.63
0.331, 0.639
0.355, 0.647
0.355, 0.655
0.379, 0.655
0.379, 0.664
0.403, 0.672
0.403, 0.68
0.428, 0.688
0.428, 0.697
0.452, 0.705
0.452, 0.713
0.476, 0.721
0.5, 0.73
0.5, 0.738
0.524, 0.738
0.524, 0.746
0.524, 0.754
0.525, 0.763
0.525, 0.771
0.549, 0.779
0.573, 0.788
0.597, 0.796
0.597, 0.804
0.621, 0.812
0.621, 0.821
0.621, 0.829
0.645, 0.829
0.67, 0.837
0.67, 0.845
0.694, 0.854
0.694, 0.862
0.718, 0.87
0.718, 0.879
0.742, 0.887
0.742, 0.895
0.766, 0.903
0.767, 0.912
0.791, 0.92
0.791, 0.928
0.791, 0.936
0.815, 0.944
0.815, 0.952
0.839, 0.96
0.839, 0.968
0.863, 0.978
0.863, 0.986
0.888, 0.994
0.888, 1.003
0.912, 1.011
0.912, 1.019
0.912, 1.027
0.912, 1.036
0.912, 1.044
0.912, 1.052
0.912, 1.06
0.912, 1.069
0.912, 1.077
0.913, 1.085
0.913, 1.093
0.913, 1.102
0.913, 1.11
0.889, 1.117
0.889, 1.127
0.913, 1.135
0.913, 1.143
0.937, 1.151
0.96, 1.16
0.96, 1.168
0.986, 1.176
0.986, 1.184
1.01, 1.193
1.034, 1.201
1.058, 1.209
1.058, 1.218
1.082, 1.226
1.082, 1.234
1.106, 1.234
1.106, 1.242
1.131, 1.251
1.131, 1.259
1.155, 1.267
1.155, 1.275
1.179, 1.275
1.203, 1.284
1.203, 1.292
1.227, 1.3
1.227, 1.308
1.252, 1.317
1.276, 1.325
1.276, 1.333
1.3, 1.342
1.3, 1.35
1.324, 1.358
1.347, 1.366
1.371, 1.375
1.371, 1.383
1.397, 1.391
1.397, 1.399
1.421, 1.408
1.445, 1.416
1.445, 1.424
1.468, 1.432
1.492, 1.441
1.492, 1.449
1.517, 1.449
1.517, 1.457
1.542, 1.466
1.565, 1.474
1.565, 1.482
1.589, 1.49
1.589, 1.499
1.613, 1.507
1.638, 1.515
1.638, 1.523
1.662, 1.532
1.663, 1.54
1.687, 1.548
1.687, 1.557
1.71, 1.565
1.734, 1.573
1.734, 1.581
1.759, 1.589
1.759, 1.597
1.759, 1.605
1.784, 1.613
1.784, 1.623
1.808, 1.631
1.831, 1.639
1.831, 1.647
1.855, 1.656
1.855, 1.664
1.88, 1.672
1.88, 1.681
1.905, 1.689
1.929, 1.697
1.929, 1.705
1.952, 1.714
1.952, 1.722
1.952, 1.73
1.952, 1.738
1.976, 1.746
1.976, 1.755
1.976, 1.763
1.976, 1.771
2.002, 1.78
2.002, 1.788
2.002, 1.796
2.026, 1.805
2.05, 1.813
2.074, 1.821
2.098, 1.829
2.121, 1.829
2.146, 1.838
2.171, 1.838
2.195, 1.846
2.219, 1.854
2.242, 1.854
2.267, 1.862
2.291, 1.862
2.315, 1.862
2.339, 1.862
2.363, 1.871
2.387, 1.871
2.411, 1.879
2.436, 1.887
2.46, 1.887
2.484, 1.887
2.508, 1.887
2.532, 1.887
2.556, 1.895
2.58, 1.895
2.604, 1.895
2.628, 1.895
2.652, 1.895
2.676, 1.904
2.7, 1.904
2.724, 1.904
2.748, 1.904
2.772, 1.904
2.797, 1.912
2.821, 1.912
2.845, 1.912
2.869, 1.92
2.869, 1.929
2.893, 1.937
2.893, 1.944
2.917, 1.952
2.917, 1.962
2.917, 1.97
2.942, 1.978
2.942, 1.986
2.942, 1.995
2.942, 2.003
2.966, 2.011
2.966, 2.02
2.966, 2.028
2.966, 2.036
2.99, 2.044
2.99, 2.053
2.99, 2.061
2.991, 2.069
2.991, 2.077
3.015, 2.086
3.015, 2.094
3.039, 2.102
3.063, 2.11
3.063, 2.119
3.087, 2.127
3.087, 2.135
3.112, 2.144
3.112, 2.152
3.136, 2.16
3.136, 2.168
3.16, 2.177
3.184, 2.185
3.184, 2.193
3.208, 2.193
3.208, 2.201
3.208, 2.21
3.184, 2.218
3.184, 2.226
3.185, 2.234
3.185, 2.242
3.185, 2.251
3.185, 2.259
3.185, 2.268
3.185, 2.259
3.185, 2.251
3.209, 2.242
3.209, 2.234
3.209, 2.226
3.208, 2.218
3.208, 2.21
3.232, 2.201
3.232, 2.193
3.232, 2.185
3.256, 2.185
3.256, 2.193
3.28, 2.193
3.304, 2.193
3.328, 2.185
3.351, 2.185
3.376, 2.177
3.4, 2.168
3.424, 2.168
3.448, 2.16
3.472, 2.16
3.496, 2.16
3.52, 2.152
3.545, 2.152
3.569, 2.152
3.593, 2.152
3.617, 2.16
3.641, 2.16
3.665, 2.16
3.689, 2.16
3.713, 2.168
3.713, 2.177
3.737, 2.177
3.737, 2.185
3.737, 2.193
3.761, 2.201
3.762, 2.21
3.786, 2.218
3.786, 2.226
3.81, 2.234
3.81, 2.242
3.834, 2.251
3.834, 2.259
3.858, 2.268
3.858, 2.276
3.859, 2.284
3.883, 2.292
3.883, 2.301
3.907, 2.309
3.907, 2.317
3.931, 2.325
3.931, 2.334
3.955, 2.342
3.955, 2.35
3.979, 2.358
3.98, 2.367
4.004, 2.367
4.004, 2.375
4.028, 2.383
4.028, 2.392
4.028, 2.4
4.052, 2.408
4.076, 2.416
4.076, 2.425
4.1, 2.433
4.125, 2.441
4.149, 2.449
4.173, 2.449
4.197, 2.458
4.221, 2.458
4.245, 2.458
4.269, 2.458
4.293, 2.466
4.317, 2.466
4.341, 2.466
4.365, 2.474
4.389, 2.474
4.414, 2.474
4.438, 2.474
4.462, 2.474
4.486, 2.474
4.51, 2.474
4.534, 2.474
4.558, 2.474
4.581, 2.474
4.605, 2.474
4.63, 2.474
4.654, 2.474
4.678, 2.474
4.702, 2.466
4.726, 2.458
4.75, 2.458
4.774, 2.449
4.774, 2.441
4.798, 2.433
4.798, 2.425
4.798, 2.416
4.798, 2.408
4.822, 2.4
4.822, 2.392
4.822, 2.383
4.845, 2.375
4.845, 2.367
4.869, 2.358
4.893, 2.35
4.917, 2.342
4.94, 2.334
4.964, 2.325
4.988, 2.317
5.013, 2.309
5.037, 2.301
5.061, 2.292
5.085, 2.284
5.085, 2.276
5.109, 2.276
5.133, 2.276
5.157, 2.276
5.181, 2.276
5.205, 2.276
5.229, 2.276
5.253, 2.276
5.277, 2.276
5.301, 2.276
5.326, 2.276
5.325, 2.267
5.35, 2.267
5.374, 2.267
5.398, 2.259
5.422, 2.259
5.446, 2.251
5.445, 2.242
5.468, 2.234
5.492, 2.226
5.517, 2.218
5.517, 2.21
5.541, 2.201
5.541, 2.193
5.565, 2.185
5.565, 2.176
5.589, 2.168
5.613, 2.16
5.613, 2.152
5.637, 2.143
5.637, 2.135
5.661, 2.127
5.685, 2.119
5.685, 2.11
5.709, 2.102
5.709, 2.094
5.733, 2.086
5.732, 2.077
5.756, 2.069
5.756, 2.061
5.78, 2.052
5.804, 2.044
5.804, 2.036
5.804, 2.028
5.827, 2.019
5.851, 2.011
5.851, 2.003
5.876, 1.995
5.876, 1.986
5.9, 1.978
5.9, 1.97
5.924, 1.96
5.924, 1.952
5.948, 1.944
5.948, 1.937
5.972, 1.928
5.971, 1.92
5.995, 1.912
5.995, 1.904
5.995, 1.895
6.019, 1.887
6.019, 1.879
6.043, 1.871
6.043, 1.862
6.043, 1.854
6.067, 1.846
6.067, 1.837
6.091, 1.829
6.091, 1.821
6.115, 1.813
6.115, 1.804
6.115, 1.796
6.139, 1.788
6.138, 1.78
6.162, 1.771
6.162, 1.763
6.186, 1.755
6.186, 1.746
6.186, 1.738
6.21, 1.73
6.21, 1.722
6.234, 1.713
6.258, 1.705
6.258, 1.697
6.282, 1.689
6.306, 1.68
6.33, 1.672
6.354, 1.664
6.378, 1.656
6.378, 1.647
6.402, 1.639
6.426, 1.631
6.45, 1.621
6.474, 1.613
6.498, 1.605
6.496, 1.597
6.521, 1.589
6.545, 1.581
6.569, 1.573
6.569, 1.565
6.569, 1.556
6.569, 1.548
6.593, 1.54
6.593, 1.531
6.593, 1.523
6.593, 1.515
6.617, 1.507
6.641, 1.498
6.641, 1.49
6.641, 1.482
6.665, 1.474
6.665, 1.465
6.664, 1.457
6.688, 1.449
6.688, 1.441
6.688, 1.432
6.712, 1.424
6.712, 1.416
6.736, 1.407
6.736, 1.399
6.736, 1.391
6.76, 1.383
6.76, 1.374
6.76, 1.366
6.76, 1.358
6.784, 1.35
6.784, 1.341
6.783, 1.333
6.807, 1.325
6.831, 1.316
6.831, 1.308
6.831, 1.3
6.855, 1.292
6.855, 1.283
6.879, 1.275
6.903, 1.267
6.927, 1.259
6.951, 1.25
6.951, 1.242
6.975, 1.234
6.999, 1.226
7.023, 1.217
7.047, 1.209
7.047, 1.201
7.047, 1.192
7.071, 1.184
7.071, 1.176
7.095, 1.176
7.095, 1.168
7.117, 1.159
7.142, 1.151
7.166, 1.143
7.19, 1.135
7.19, 1.126
7.214, 1.117
7.238, 1.11
7.262, 1.101
7.286, 1.093
7.286, 1.085
7.31, 1.085
7.31, 1.077
7.334, 1.068
7.334, 1.06
7.358, 1.052
7.358, 1.044
7.382, 1.035
7.406, 1.027
7.406, 1.019
7.43, 1.011
7.43, 1.002
7.454, 0.994
7.454, 0.986
7.453, 0.976
7.476, 0.968
7.501, 0.96
7.525, 0.952
7.549, 0.944
7.573, 0.936
7.597, 0.928
7.621, 0.92
7.621, 0.911
7.645, 0.903
7.669, 0.895
7.669, 0.886
7.693, 0.886
7.693, 0.878
7.717, 0.87
7.717, 0.862
7.741, 0.853
7.765, 0.845
7.789, 0.837
7.813, 0.829
7.813, 0.819
7.837, 0.812
7.861, 0.804
7.861, 0.796
7.884, 0.787
7.908, 0.779
7.908, 0.771
7.932, 0.762
7.956, 0.754
7.98, 0.746
7.98, 0.738
8.004, 0.729
8.004, 0.721
8.004, 0.713
8.028, 0.705
8.052, 0.696
8.076, 0.688
8.1, 0.68
8.124, 0.68
8.148, 0.671
8.172, 0.671
8.196, 0.663
8.22, 0.655
8.244, 0.647
8.268, 0.638
8.292, 0.63
8.316, 0.621
8.34, 0.613
8.363, 0.605
8.388, 0.597
8.412, 0.589
8.436, 0.58
8.46, 0.572
8.46, 0.564
8.484, 0.564
8.484, 0.556
8.507, 0.547
8.531, 0.539
8.555, 0.531
8.579, 0.523
8.579, 0.514
8.603, 0.514
8.603, 0.506
8.627, 0.506
8.627, 0.498
8.651, 0.498
8.675, 0.49
8.698, 0.49
8.722, 0.48
8.746, 0.472
8.771, 0.472
8.795, 0.465
8.819, 0.465
8.843, 0.465
8.867, 0.456
8.891, 0.456
8.915, 0.456
8.94, 0.456
8.963, 0.448
8.988, 0.448
9.012, 0.448
9.036, 0.448
9.06, 0.456
9.084, 0.456
9.108, 0.456
9.132, 0.456
9.156, 0.456
9.18, 0.456
9.204, 0.456
9.228, 0.456
9.252, 0.456
9.276, 0.456
9.3, 0.456
9.324, 0.456
9.347, 0.456
9.371, 0.456
9.396, 0.456
9.421, 0.456
9.445, 0.456
9.468, 0.456
9.492, 0.456
9.517, 0.456
9.541, 0.456
9.565, 0.456
9.589, 0.456
9.613, 0.456
9.637, 0.456
9.661, 0.456
9.685, 0.448
9.709, 0.448
9.733, 0.448
9.757, 0.448
9.781, 0.448
9.805, 0.448
9.829, 0.448
9.853, 0.448
9.877, 0.448
9.901, 0.448
9.926, 0.456
9.95, 0.465
9.974, 0.472
9.998, 0.472
10.022, 0.472
10.046, 0.48
10.07, 0.48
10.094, 0.488
10.117, 0.498
10.142, 0.498
10.167, 0.506
10.191, 0.506
10.215, 0.514
10.238, 0.514
10.263, 0.523
10.287, 0.531
10.311, 0.539
10.311, 0.547
10.335, 0.556
10.336, 0.564
10.336, 0.572
10.359, 0.58
10.359, 0.589
10.384, 0.589
10.384, 0.597
10.384, 0.605
10.408, 0.613
10.408, 0.621
10.432, 0.63
10.432, 0.638
10.457, 0.638
10.457, 0.647
10.48, 0.655
10.48, 0.663
10.505, 0.671
10.505, 0.68
10.529, 0.688
10.529, 0.696
10.529, 0.704
10.553, 0.704
10.577, 0.713
10.577, 0.721
10.601, 0.729
10.601, 0.737
10.601, 0.746
10.626, 0.754
10.65, 0.762
10.674, 0.771
10.698, 0.779
10.698, 0.787
10.698, 0.795
10.722, 0.804
10.746, 0.812
10.771, 0.819
10.795, 0.827
10.819, 0.837
10.843, 0.845
10.867, 0.853
10.892, 0.862
10.916, 0.87
10.916, 0.878
10.94, 0.886
10.964, 0.886
10.964, 0.895
10.988, 0.895
11.012, 0.903
11.036, 0.911
11.061, 0.919
11.085, 0.928
11.109, 0.928
11.133, 0.936
11.157, 0.944
11.181, 0.952
11.181, 0.96
11.181, 0.968
11.205, 0.976
11.206, 0.986
11.206, 0.994
11.23, 1.002
11.23, 1.01
11.254, 1.019
11.254, 1.027
11.254, 1.035
11.278, 1.043
11.278, 1.052
11.278, 1.06
11.303, 1.068
11.303, 1.076
11.303, 1.085
11.327, 1.093
11.327, 1.101
11.351, 1.11
11.351, 1.117
11.375, 1.126
11.375, 1.134
11.375, 1.143
11.375, 1.151
11.4, 1.159
11.4, 1.167
11.424, 1.176
11.424, 1.184
11.424, 1.192
11.448, 1.201
11.448, 1.209
11.472, 1.217
11.472, 1.225
11.472, 1.234
11.496, 1.242
11.496, 1.25
11.521, 1.258
11.521, 1.267
11.545, 1.275
11.545, 1.283
11.569, 1.291
11.569, 1.3
11.593, 1.308
11.593, 1.316
11.617, 1.325
11.642, 1.333
11.642, 1.341
11.666, 1.349
11.69, 1.358
11.69, 1.366
11.714, 1.374
11.714, 1.382
11.738, 1.391
11.763, 1.399
11.763, 1.407
11.787, 1.415
11.811, 1.415
11.835, 1.424
11.859, 1.424
11.883, 1.432
11.907, 1.432
11.931, 1.432
11.955, 1.432
11.98, 1.432
12.004, 1.432
12.028, 1.432
12.052, 1.432
12.076, 1.432
12.1, 1.44
12.1, 1.449
12.124, 1.457
12.124, 1.465
12.148, 1.472
12.148, 1.482
12.148, 1.49
12.173, 1.498
12.173, 1.506
12.173, 1.515
12.197, 1.523
12.221, 1.531
12.221, 1.539
12.221, 1.548
12.245, 1.556
12.245, 1.564
12.27, 1.573
12.294, 1.581
12.318, 1.589
12.318, 1.597
12.342, 1.597
12.366, 1.605
12.366, 1.613
12.39, 1.621
12.414, 1.621
12.414, 1.63
12.439, 1.639
12.463, 1.647
12.487, 1.655
12.511, 1.664
12.535, 1.672
12.559, 1.664
12.559, 1.655
12.583, 1.655
12.583, 1.647
12.607, 1.639
12.607, 1.63
12.631, 1.621
12.631, 1.613
12.655, 1.613
12.679, 1.605
12.679, 1.597
12.702, 1.589
12.702, 1.581
12.726, 1.573
12.751, 1.573
12.775, 1.573
12.775, 1.564
12.798, 1.556
12.798, 1.548
12.822, 1.548
12.822, 1.539
12.846, 1.531
12.846, 1.523
12.87, 1.515
12.87, 1.506
12.894, 1.498
12.894, 1.49
12.918, 1.49
12.918, 1.482
12.942, 1.472
12.942, 1.465
12.966, 1.457
12.99, 1.457
13.014, 1.448
13.038, 1.448
13.062, 1.44
13.086, 1.44
13.11, 1.44
13.134, 1.44
13.158, 1.44
13.182, 1.44
13.206, 1.44
13.23, 1.44
13.254, 1.44
13.278, 1.44
13.302, 1.44
13.326, 1.44
13.351, 1.44
13.375, 1.44
13.399, 1.44
13.423, 1.44
13.447, 1.432
13.471, 1.432
13.495, 1.432
13.519, 1.432
13.543, 1.432
13.567, 1.424
13.591, 1.415
13.591, 1.407
13.615, 1.399
13.639, 1.391
13.639, 1.382
13.663, 1.374
13.687, 1.374
13.71, 1.366
13.734, 1.358
13.759, 1.358
13.783, 1.349
13.807, 1.341
13.806, 1.333
13.83, 1.324
13.83, 1.316
13.83, 1.308
13.854, 1.3
13.854, 1.291
13.878, 1.291
13.878, 1.283
13.878, 1.275
13.902, 1.267
13.902, 1.258
13.926, 1.25
13.95, 1.242
13.95, 1.233
13.974, 1.225
13.998, 1.217
14.022, 1.209
14.046, 1.2
14.07, 1.192
14.094, 1.184
14.117, 1.176
14.142, 1.167
14.166, 1.159
14.189, 1.151
14.213, 1.142
14.237, 1.134
14.261, 1.126
14.285, 1.126
14.31, 1.126
14.334, 1.126
14.333, 1.117
14.358, 1.117
14.382, 1.117
14.406, 1.117
14.43, 1.117
14.454, 1.109
14.478, 1.109
14.502, 1.109
14.526, 1.101
14.55, 1.101
14.573, 1.101
14.573, 1.093
14.573, 1.085
14.573, 1.076
14.597, 1.068
14.597, 1.06
14.621, 1.052
14.645, 1.043
14.645, 1.035
14.669, 1.027
14.693, 1.018
14.717, 1.01
14.717, 1.002
14.741, 0.994
14.741, 0.984
14.765, 0.976
14.789, 0.968
14.813, 0.96
14.837, 0.952
14.861, 0.944
14.885, 0.936
14.909, 0.927
14.933, 0.927
14.956, 0.919
14.98, 0.911
15.005, 0.911
15.029, 0.903
15.053, 0.903
15.077, 0.903
15.077, 0.894
15.101, 0.894
15.125, 0.886
15.149, 0.878
15.149, 0.87
15.173, 0.861
15.173, 0.853
15.197, 0.853
15.197, 0.845
15.221, 0.837
15.221, 0.827
15.22, 0.819
15.244, 0.812
15.244, 0.803
15.268, 0.795
15.268, 0.787
15.292, 0.779
15.292, 0.77
15.316, 0.762
15.316, 0.754
15.34, 0.746
15.34, 0.737
15.363, 0.729
15.363, 0.721
15.388, 0.712
15.388, 0.704
15.412, 0.696
15.412, 0.688
15.436, 0.679
15.46, 0.671
15.483, 0.663
15.508, 0.663
15.532, 0.655
15.555, 0.646
15.58, 0.646
15.604, 0.646
15.628, 0.638
15.652, 0.638
15.676, 0.638
15.7, 0.638
15.724, 0.638
15.748, 0.63
15.772, 0.63
15.796, 0.63
15.819, 0.621
15.843, 0.621
15.843, 0.613
15.867, 0.613
15.892, 0.605
15.916, 0.597
15.94, 0.597
15.94, 0.588
15.964, 0.588
15.988, 0.58
16.012, 0.58
16.036, 0.572
16.06, 0.564
16.084, 0.555
16.108, 0.555
16.132, 0.547
16.156, 0.539
16.18, 0.531
16.204, 0.531
16.228, 0.522
16.252, 0.522
16.252, 0.514
16.276, 0.506
16.3, 0.506
16.324, 0.496
16.347, 0.496
16.371, 0.488
16.371, 0.48
16.396, 0.48
16.42, 0.472
16.444, 0.472
16.468, 0.464
16.492, 0.456
16.516, 0.448
16.54, 0.448
16.564, 0.44
16.588, 0.431
16.612, 0.423
16.636, 0.423
16.66, 0.415
16.684, 0.415
16.708, 0.423
16.732, 0.423
16.756, 0.423
16.78, 0.423
16.804, 0.431
16.827, 0.431
16.851, 0.431
16.876, 0.44
16.9, 0.44
16.924, 0.44
16.948, 0.44
16.972, 0.44
16.996, 0.44
17.021, 0.44
17.045, 0.44
17.069, 0.44
17.093, 0.431
17.117, 0.423
17.141, 0.415
17.165, 0.415
17.189, 0.406
17.213, 0.398
17.237, 0.398
17.261, 0.39
17.285, 0.39
17.309, 0.382
17.333, 0.382
17.357, 0.382
17.381, 0.382
17.405, 0.382
17.429, 0.373
17.453, 0.373
17.476, 0.373
17.501, 0.365
17.525, 0.365
17.525, 0.357
17.549, 0.357
17.573, 0.357
17.597, 0.349
17.621, 0.349
17.645, 0.349
17.669, 0.349
17.693, 0.349
17.717, 0.34
17.741, 0.34
17.765, 0.34
17.789, 0.34
17.813, 0.34
17.837, 0.34
17.861, 0.34
17.885, 0.34
17.91, 0.34
17.934, 0.34
17.958, 0.34
17.982, 0.332
18.006, 0.332
18.03, 0.332
18.054, 0.332
18.078, 0.332
18.102, 0.332
18.126, 0.332
18.15, 0.332
18.174, 0.332
18.198, 0.332
18.222, 0.332
18.246, 0.332
18.27, 0.332
18.294, 0.332
18.318, 0.332
18.342, 0.332
18.366, 0.332
18.39, 0.332
18.415, 0.332
18.439, 0.332
18.463, 0.332
18.487, 0.332
18.511, 0.332
18.535, 0.332
18.559, 0.324
18.583, 0.324
18.607, 0.324
18.631, 0.324
18.655, 0.324
18.679, 0.324
18.702, 0.324
18.726, 0.324
18.751, 0.332
18.775, 0.332
18.799, 0.332
18.823, 0.332
18.847, 0.332
18.871, 0.34
18.896, 0.34
18.92, 0.34
18.944, 0.34
18.968, 0.34
18.992, 0.34
19.016, 0.34
19.04, 0.34
19.064, 0.34
19.088, 0.34
19.112, 0.34
19.136, 0.34
19.16, 0.34
19.184, 0.34
19.208, 0.34
19.232, 0.34
19.256, 0.34
19.28, 0.34
19.305, 0.347
19.329, 0.347
19.353, 0.347
19.377, 0.347
19.401, 0.347
19.425, 0.347
19.449, 0.347
19.472, 0.347
19.496, 0.347
19.521, 0.347
19.545, 0.347
19.569, 0.347
19.593, 0.347
19.617, 0.347
19.641, 0.347
19.665, 0.347
19.689, 0.347
19.714, 0.357
19.738, 0.357
19.762, 0.357
19.786, 0.357
19.81, 0.357
19.834, 0.357
19.858, 0.357
19.882, 0.365
19.906, 0.365
19.93, 0.365
19.954, 0.365
19.978, 0.373
20.002, 0.373
20.026, 0.373
20.05, 0.382
20.075, 0.382
20.099, 0.382
20.123, 0.382
20.147, 0.382
20.171, 0.39
20.195, 0.39
20.219, 0.39
20.242, 0.39
20.267, 0.39
20.291, 0.39
20.315, 0.39
20.339, 0.39
20.363, 0.39
20.387, 0.39
20.411, 0.39
20.435, 0.39
20.459, 0.39
20.483, 0.39
20.508, 0.39
20.532, 0.39
20.556, 0.39
20.556, 0.398
20.58, 0.398
20.604, 0.398
20.628, 0.398
20.652, 0.398
20.676, 0.398
20.7, 0.406
20.724, 0.406
20.748, 0.415
20.748, 0.423
20.772, 0.423
20.773, 0.431
20.797, 0.439
20.821, 0.439
20.845, 0.448
20.869, 0.456
20.893, 0.464
20.917, 0.472
20.94, 0.48
20.964, 0.488
20.99, 0.496
21.014, 0.505
21.038, 0.514
21.062, 0.522
21.062, 0.53
21.062, 0.539
21.086, 0.547
21.11, 0.555
21.135, 0.563
21.159, 0.572
21.183, 0.58
21.207, 0.588
21.231, 0.596
21.255, 0.605
21.279, 0.613
21.303, 0.613
21.304, 0.621
21.328, 0.621
21.351, 0.63
21.376, 0.638
21.4, 0.646
21.424, 0.646
21.424, 0.654
21.448, 0.654
21.472, 0.663
21.496, 0.671
21.521, 0.679
21.545, 0.687
21.569, 0.696
21.593, 0.704
21.617, 0.712
21.617, 0.72
21.641, 0.729
21.641, 0.737
21.665, 0.745
21.666, 0.754
21.69, 0.762
21.69, 0.77
21.714, 0.778
21.714, 0.787
21.738, 0.795
21.738, 0.803
21.762, 0.811
21.762, 0.819
21.787, 0.827
21.787, 0.835
21.811, 0.843
21.811, 0.853
21.835, 0.861
21.835, 0.869
21.859, 0.878
21.859, 0.886
21.859, 0.894
21.883, 0.894
21.908, 0.902
21.932, 0.911
21.932, 0.919
21.932, 0.927
21.956, 0.935
21.98, 0.935
22.004, 0.935
22.004, 0.944
22.028, 0.952
22.052, 0.96
22.077, 0.968
22.101, 0.976
22.125, 0.984
22.149, 0.992
22.173, 1.002
22.197, 1.01
22.221, 1.018
22.245, 1.026
22.27, 1.035
22.294, 1.043
22.318, 1.051
22.342, 1.059
22.342, 1.068
22.366, 1.076
22.366, 1.084
22.39, 1.093
22.415, 1.101
22.415, 1.109
22.439, 1.117
22.439, 1.126
22.463, 1.134
22.463, 1.142
22.487, 1.15
22.487, 1.159
22.511, 1.159
22.511, 1.167
22.511, 1.175
22.536, 1.183
22.536, 1.192
22.56, 1.2
22.56, 1.208
22.584, 1.217
22.608, 1.225
22.608, 1.233
22.632, 1.241
22.632, 1.25
22.657, 1.258
22.657, 1.266
22.681, 1.274
22.681, 1.283
22.705, 1.291
22.705, 1.299
22.729, 1.307
22.729, 1.316
22.753, 1.324
22.754, 1.332
22.778, 1.341
22.778, 1.349
22.802, 1.349
22.802, 1.357
22.826, 1.365
22.826, 1.374
22.826, 1.382
22.826, 1.39
22.85, 1.398
22.874, 1.398
22.899, 1.407
22.923, 1.407
22.947, 1.407
22.971, 1.415
22.995, 1.415
23.019, 1.415
23.043, 1.423
23.067, 1.423
23.091, 1.423
23.091, 1.431
23.115, 1.431
23.139, 1.44
23.164, 1.448
23.188, 1.456
23.188, 1.465
23.212, 1.472
23.212, 1.48
23.236, 1.48
23.236, 1.488
23.26, 1.498
23.26, 1.506
23.284, 1.506
23.284, 1.514
23.285, 1.522
23.285, 1.531
23.309, 1.539
23.333, 1.547
23.333, 1.556
23.357, 1.556
23.357, 1.564
23.381, 1.572
23.381, 1.58
23.381, 1.589
23.381, 1.597
23.406, 1.605
23.43, 1.613
23.454, 1.621
23.478, 1.63
23.502, 1.638
23.526, 1.646
23.55, 1.646
23.573, 1.655
23.599, 1.663
23.623, 1.663
23.647, 1.671
23.671, 1.671
23.694, 1.68
23.718, 1.68
23.718, 1.688
23.742, 1.688
23.767, 1.688
23.791, 1.696
23.815, 1.696
23.839, 1.704
23.863, 1.704
23.863, 1.713
23.888, 1.713
23.912, 1.721
23.936, 1.721
23.96, 1.729
23.984, 1.729
24.008, 1.729
24.032, 1.729
24.056, 1.737
24.08, 1.737
24.08, 1.746
24.104, 1.746
24.129, 1.754
24.153, 1.754
24.177, 1.754
24.201, 1.762
24.225, 1.762
24.249, 1.762
24.273, 1.762
24.297, 1.77
24.321, 1.77
24.345, 1.77
24.369, 1.77
24.393, 1.77
24.417, 1.77
24.441, 1.77
24.465, 1.762
24.488, 1.762
24.513, 1.762
24.538, 1.762
24.561, 1.754
24.585, 1.754
24.609, 1.754
24.634, 1.746
24.658, 1.746
24.682, 1.746
24.706, 1.746
24.73, 1.746
24.754, 1.746
24.778, 1.746
24.802, 1.746
24.826, 1.746
24.85, 1.746
24.874, 1.746
24.898, 1.746
24.922, 1.746
24.946, 1.746
24.97, 1.746
24.994, 1.746
25.018, 1.737
25.042, 1.737
25.066, 1.729
25.066, 1.721
25.09, 1.713
25.114, 1.704
25.138, 1.696
25.162, 1.688
25.186, 1.679
25.21, 1.671
25.234, 1.663
25.258, 1.655
25.282, 1.646
25.306, 1.638
25.33, 1.63
25.354, 1.621
25.378, 1.613
25.402, 1.613
25.426, 1.613
25.45, 1.613
25.474, 1.613
25.498, 1.613
25.522, 1.613
25.546, 1.605
25.569, 1.605
25.593, 1.597
25.617, 1.588
25.642, 1.58
25.666, 1.572
25.69, 1.564
25.714, 1.555
25.738, 1.547
25.762, 1.539
25.786, 1.531
25.81, 1.522
25.834, 1.514
25.858, 1.506
25.882, 1.498
25.906, 1.488
25.93, 1.48
25.954, 1.472
25.978, 1.464
26.002, 1.456
26.026, 1.448
26.05, 1.44
26.074, 1.431
26.098, 1.423
26.121, 1.415
26.145, 1.407
26.17, 1.407
26.194, 1.407
26.218, 1.407
26.242, 1.407
26.266, 1.407
26.29, 1.415
26.314, 1.415
26.338, 1.415
26.362, 1.415
26.386, 1.423
26.41, 1.423
26.434, 1.423
26.458, 1.431
26.482, 1.431
26.507, 1.431
26.531, 1.431
26.555, 1.423
26.579, 1.423
26.577, 1.415
26.603, 1.415
26.627, 1.407
26.65, 1.398
26.65, 1.39
26.674, 1.39
26.674, 1.382
26.698, 1.373
26.698, 1.365
26.722, 1.357
26.722, 1.349
26.746, 1.349
26.77, 1.34
26.77, 1.332
26.794, 1.324
26.794, 1.316
26.818, 1.307
26.842, 1.299
26.866, 1.291
26.866, 1.282
26.89, 1.274
26.89, 1.266
26.914, 1.266
26.914, 1.258
26.938, 1.249
26.938, 1.241
26.962, 1.233
26.986, 1.225
27.009, 1.216
27.009, 1.208
27.033, 1.2
27.033, 1.192
27.057, 1.183
27.081, 1.175
27.105, 1.167
27.105, 1.158
27.129, 1.15
27.153, 1.142
27.153, 1.134
27.177, 1.125
27.201, 1.117
27.201, 1.109
27.225, 1.109
27.225, 1.101
27.249, 1.092
27.249, 1.084
27.273, 1.076
27.273, 1.067
27.297, 1.067
27.321, 1.059
27.321, 1.051
27.345, 1.043
27.343, 1.034
27.367, 1.026
27.392, 1.018
27.392, 1.01
27.416, 1.001
27.44, 0.992
27.44, 0.984
27.464, 0.984
27.464, 0.976
27.488, 0.968
27.488, 0.96
27.512, 0.952
27.536, 0.943
27.56, 0.935
27.56, 0.927
27.584, 0.919
27.584, 0.91
27.608, 0.91
27.608, 0.902
27.632, 0.894
27.656, 0.886
27.656, 0.877
27.68, 0.869
27.702, 0.861
27.702, 0.851
27.726, 0.843
27.726, 0.835
27.751, 0.827
27.775, 0.827
27.775, 0.819
27.799, 0.811
27.799, 0.803
27.823, 0.795
27.847, 0.786
27.847, 0.778
27.871, 0.778
27.871, 0.77
27.895, 0.762
27.895, 0.753
27.919, 0.745
27.943, 0.737
27.967, 0.728
27.967, 0.72
27.991, 0.712
27.991, 0.704
28.015, 0.704
28.039, 0.694
28.063, 0.694
28.087, 0.687
28.111, 0.687
28.135, 0.687
28.159, 0.687
28.183, 0.687
28.207, 0.687
28.231, 0.687
28.255, 0.687
28.279, 0.687
28.303, 0.687
28.327, 0.687
28.351, 0.687
28.375, 0.687
28.399, 0.687
28.423, 0.687
28.447, 0.687
28.471, 0.679
28.495, 0.679
28.519, 0.679
28.543, 0.671
28.567, 0.671
28.591, 0.662
28.616, 0.662
28.639, 0.654
28.664, 0.654
28.687, 0.646
28.712, 0.646
28.736, 0.637
28.76, 0.637
28.784, 0.629
28.808, 0.629
28.831, 0.621
28.855, 0.621
28.88, 0.613
28.904, 0.613
28.928, 0.604
28.952, 0.596
28.976, 0.588
29.0, 0.58
29.023, 0.571
29.047, 0.563
29.071, 0.555
29.095, 0.546
29.119, 0.538
29.143, 0.538
29.143, 0.53
29.167, 0.53
29.191, 0.522
29.215, 0.513
29.238, 0.505
29.263, 0.496
29.287, 0.496
29.311, 0.488
29.335, 0.48
29.359, 0.48
29.383, 0.48
29.407, 0.48
29.431, 0.48
29.456, 0.48
29.48, 0.48
29.504, 0.48
29.528, 0.48
29.552, 0.472
29.576, 0.472
29.6, 0.472
29.624, 0.472
29.648, 0.472
29.672, 0.472
29.696, 0.472
29.72, 0.472
29.744, 0.472
29.768, 0.472
29.792, 0.472
29.815, 0.472
29.839, 0.472
29.863, 0.472
29.888, 0.472
29.912, 0.472
29.936, 0.472
29.96, 0.472
29.984, 0.464
30.008, 0.455
30.033, 0.455
30.056, 0.447
30.081, 0.447
30.105, 0.447
30.129, 0.447
30.153, 0.447
30.177, 0.447
30.201, 0.447
30.225, 0.447
30.249, 0.455
30.273, 0.455
30.297, 0.455
30.321, 0.455
30.345, 0.455
30.369, 0.447
30.393, 0.447
30.417, 0.447
30.441, 0.447
30.465, 0.447
30.488, 0.447
30.513, 0.447
30.538, 0.447
30.562, 0.455
30.585, 0.455
30.609, 0.455
30.634, 0.455
30.658, 0.455
30.682, 0.455
30.706, 0.455
30.73, 0.455
30.754, 0.455
30.778, 0.455
30.802, 0.455
30.826, 0.455
30.85, 0.455
30.874, 0.455
30.898, 0.455
30.922, 0.464
30.947, 0.464
30.971, 0.464
30.995, 0.464
31.019, 0.464
31.043, 0.464
31.067, 0.464
31.091, 0.464
31.115, 0.464
31.139, 0.464
31.163, 0.464
31.187, 0.464
31.211, 0.464
31.234, 0.464
31.259, 0.472
31.283, 0.472
31.307, 0.472
31.331, 0.472
31.355, 0.472
31.38, 0.472
31.404, 0.472
31.428, 0.472
31.452, 0.472
31.476, 0.472
31.5, 0.472
31.524, 0.472
31.548, 0.472
31.572, 0.472
31.596, 0.472
31.62, 0.48
31.644, 0.48
31.668, 0.48
31.692, 0.48
31.716, 0.48
31.74, 0.48
31.764, 0.48
31.788, 0.48
31.813, 0.48
31.837, 0.48
31.861, 0.48
31.885, 0.48
31.909, 0.48
31.933, 0.48
31.956, 0.48
31.98, 0.488
32.005, 0.488
32.029, 0.488
32.053, 0.488
32.077, 0.488
32.101, 0.488
32.125, 0.488
32.149, 0.488
32.173, 0.488
32.197, 0.488
32.222, 0.488
32.246, 0.488
32.27, 0.488
32.294, 0.488
32.318, 0.496
32.342, 0.496
32.366, 0.496
32.39, 0.496
32.414, 0.496
32.438, 0.496
32.462, 0.496
32.486, 0.496
32.462, 0.496
32.438, 0.496
32.414, 0.496
32.39, 0.496
32.366, 0.496
32.342, 0.496
32.318, 0.496
32.294, 0.496
32.27, 0.496
32.246, 0.496
32.27, 0.505
32.294, 0.505
32.294, 0.513
32.318, 0.513
32.342, 0.522
32.366, 0.522
32.39, 0.53
32.414, 0.538
32.439, 0.546
32.463, 0.546
32.487, 0.555
32.511, 0.563
32.535, 0.571
32.559, 0.571
32.583, 0.579
32.607, 0.579
32.607, 0.588
32.631, 0.596
32.655, 0.596
32.68, 0.604
32.704, 0.604
32.728, 0.612
32.728, 0.621
32.752, 0.621
32.776, 0.629
32.8, 0.629
32.823, 0.637
32.847, 0.646
32.873, 0.654
32.897, 0.654
32.921, 0.662
32.944, 0.662
32.968, 0.662
32.992, 0.662
33.017, 0.67
33.017, 0.679
33.041, 0.687
33.065, 0.694
33.065, 0.702
33.09, 0.712
33.09, 0.72
33.114, 0.728
33.138, 0.736
33.138, 0.745
33.162, 0.753
33.186, 0.761
33.186, 0.77
33.21, 0.77
33.21, 0.778
33.234, 0.786
33.234, 0.794
33.259, 0.794
33.259, 0.803
33.259, 0.811
33.283, 0.819
33.283, 0.827
33.307, 0.835
33.307, 0.843
33.331, 0.851
33.331, 0.859
33.355, 0.869
33.355, 0.877
33.355, 0.885
33.38, 0.894
33.38, 0.902
33.404, 0.91
33.404, 0.918
33.428, 0.927
33.428, 0.935
33.453, 0.943
33.453, 0.951
33.453, 0.96
33.476, 0.968
33.476, 0.976
33.501, 0.984
33.501, 0.992
33.525, 1.001
33.525, 1.009
33.549, 1.018
33.55, 1.026
33.55, 1.034
33.55, 1.042
33.573, 1.051
33.573, 1.059
33.597, 1.059
33.597, 1.067
33.621, 1.075
33.621, 1.084
33.646, 1.092
33.671, 1.1
33.671, 1.109
33.671, 1.117
33.694, 1.125
33.694, 1.133
33.718, 1.133
33.718, 1.142
33.742, 1.15
33.742, 1.158
33.767, 1.166
33.792, 1.175
33.792, 1.183
33.792, 1.191
33.815, 1.199
33.815, 1.208
33.839, 1.208
33.839, 1.216
33.863, 1.224
33.888, 1.233
33.888, 1.241
33.912, 1.241
33.913, 1.249
33.937, 1.257
33.937, 1.266
33.937, 1.274
33.96, 1.282
33.984, 1.29
33.984, 1.299
34.009, 1.307
34.033, 1.315
34.034, 1.324
34.058, 1.332
34.082, 1.34
34.106, 1.347
34.106, 1.357
34.13, 1.365
34.154, 1.373
34.178, 1.381
34.178, 1.39
34.203, 1.398
34.227, 1.406
34.251, 1.414
34.275, 1.423
34.299, 1.431
34.323, 1.439
34.323, 1.448
34.347, 1.456
34.371, 1.464
34.396, 1.472
34.42, 1.48
34.444, 1.48
34.444, 1.488
34.468, 1.488
34.492, 1.496
34.516, 1.496
34.54, 1.505
34.564, 1.514
34.589, 1.522
34.613, 1.522
34.637, 1.53
34.661, 1.538
34.685, 1.538
34.685, 1.547
34.709, 1.555
34.733, 1.555
34.757, 1.563
34.782, 1.572
34.806, 1.58
34.83, 1.588
34.83, 1.596
34.83, 1.605
34.854, 1.613
34.854, 1.621
34.878, 1.629
34.878, 1.638
34.903, 1.646
34.903, 1.654
34.903, 1.662
34.927, 1.671
34.927, 1.679
34.951, 1.687
34.951, 1.696
34.975, 1.704
34.975, 1.712
34.975, 1.72
35.0, 1.729
35.0, 1.737
35.024, 1.745
35.024, 1.753
35.048, 1.762
35.072, 1.77
35.096, 1.778
35.12, 1.787
35.144, 1.795
35.169, 1.803
35.193, 1.811
35.217, 1.819
35.241, 1.827
35.265, 1.835
35.289, 1.835
35.313, 1.843
35.337, 1.843
35.337, 1.853
35.362, 1.853
35.386, 1.861
35.41, 1.861
35.434, 1.869
35.458, 1.861
35.458, 1.853
35.482, 1.853
35.506, 1.843
35.506, 1.835
35.53, 1.827
35.554, 1.827
35.554, 1.819
35.577, 1.811
35.601, 1.803
35.625, 1.795
35.649, 1.786
35.649, 1.778
35.673, 1.778
35.697, 1.77
35.697, 1.762
35.721, 1.753
35.745, 1.745
35.769, 1.737
35.769, 1.729
35.793, 1.729
35.817, 1.72
35.817, 1.712
35.841, 1.704
35.865, 1.704
35.865, 1.696
35.889, 1.687
35.913, 1.679
35.937, 1.671
35.96, 1.662
35.96, 1.654
35.984, 1.654
36.009, 1.646
36.009, 1.638
36.033, 1.629
36.057, 1.629
36.057, 1.621
36.081, 1.613
36.105, 1.605
36.129, 1.596
36.153, 1.588
36.153, 1.58
36.177, 1.58
36.201, 1.571
36.2, 1.563
36.224, 1.555
36.248, 1.555
36.248, 1.547
36.272, 1.538
36.272, 1.53
36.296, 1.53
36.32, 1.522
36.32, 1.514
36.343, 1.505
36.367, 1.505
36.367, 1.496
36.392, 1.488
36.416, 1.48
36.44, 1.472
36.464, 1.464
36.464, 1.456
36.488, 1.447
36.512, 1.447
36.512, 1.439
36.536, 1.431
36.56, 1.423
36.584, 1.414
36.608, 1.406
36.608, 1.398
36.632, 1.398
36.656, 1.39
36.656, 1.381
36.68, 1.373
36.704, 1.373
36.704, 1.365
36.728, 1.355
36.752, 1.347
36.776, 1.34
36.799, 1.332
36.799, 1.323
36.823, 1.323
36.823, 1.315
36.847, 1.307
36.871, 1.299
36.895, 1.29
36.919, 1.282
36.919, 1.274
36.943, 1.274
36.967, 1.265
36.967, 1.257
36.991, 1.249
37.015, 1.249
37.015, 1.241
37.039, 1.232
37.063, 1.224
37.087, 1.224
37.111, 1.224
37.135, 1.224
37.159, 1.224
37.183, 1.224
37.207, 1.224
37.231, 1.216
37.255, 1.216
37.279, 1.208
37.303, 1.199
37.303, 1.191
37.327, 1.183
37.327, 1.175
37.351, 1.166
37.375, 1.158
37.375, 1.15
37.399, 1.141
37.399, 1.133
37.423, 1.125
37.447, 1.117
37.471, 1.108
37.471, 1.1
37.495, 1.092
37.495, 1.084
37.519, 1.075
37.542, 1.067
37.542, 1.059
37.565, 1.05
37.589, 1.042
37.589, 1.034
37.613, 1.026
37.613, 1.017
37.638, 1.009
37.662, 1.001
37.686, 0.992
37.686, 0.984
37.71, 0.976
37.71, 0.968
37.734, 0.96
37.758, 0.951
37.782, 0.943
37.782, 0.935
37.806, 0.926
37.806, 0.918
37.83, 0.91
37.854, 0.902
37.878, 0.893
37.877, 0.885
37.901, 0.877
37.925, 0.869
37.948, 0.859
37.972, 0.851
37.996, 0.843
38.021, 0.835
38.021, 0.827
38.045, 0.827
38.045, 0.819
38.069, 0.811
38.093, 0.802
38.117, 0.794
38.141, 0.786
38.165, 0.778
38.165, 0.769
38.189, 0.761
38.213, 0.753
38.237, 0.744
38.261, 0.736
38.261, 0.728
38.285, 0.72
38.309, 0.71
38.309, 0.702
38.333, 0.702
38.333, 0.694
38.357, 0.687
38.38, 0.678
38.404, 0.67
38.404, 0.662
38.428, 0.662
38.428, 0.654
38.452, 0.645
38.476, 0.637
38.476, 0.629
38.5, 0.62
38.524, 0.612
38.548, 0.604
38.572, 0.596
38.596, 0.587
38.62, 0.579
38.644, 0.571
38.644, 0.563
38.644, 0.554
38.668, 0.546
38.692, 0.546
38.692, 0.538
38.716, 0.538
38.74, 0.529
38.764, 0.521
38.788, 0.513
38.812, 0.505
38.835, 0.505
38.859, 0.496
38.884, 0.488
38.908, 0.48
38.932, 0.48
38.932, 0.472
38.956, 0.472
38.98, 0.463
39.004, 0.463
39.028, 0.455
39.052, 0.447
39.076, 0.447
39.1, 0.439
39.124, 0.43
39.148, 0.43
39.172, 0.422
39.196, 0.414
39.22, 0.414
39.244, 0.414
39.268, 0.405
39.292, 0.397
39.316, 0.397
39.34, 0.389
39.363, 0.389
39.388, 0.381
39.412, 0.381
39.436, 0.371
39.46, 0.371
39.484, 0.363
39.508, 0.363
39.532, 0.355
39.556, 0.355
39.58, 0.355
39.604, 0.355
39.628, 0.355
39.652, 0.355
39.676, 0.355
39.7, 0.355
39.724, 0.355
39.748, 0.347
39.772, 0.347
39.796, 0.347
39.819, 0.347
39.843, 0.347
39.867, 0.347
39.892, 0.347
39.917, 0.347
39.94, 0.347
39.964, 0.339
39.988, 0.339
40.013, 0.339
40.037, 0.339
40.061, 0.339
40.085, 0.339
40.109, 0.331
40.133, 0.331
40.157, 0.331
40.181, 0.331
40.205, 0.331
40.229, 0.323
40.253, 0.323
40.277, 0.323
40.301, 0.323
40.325, 0.323
40.349, 0.323
40.373, 0.314
40.397, 0.314
40.421, 0.314
40.445, 0.314
40.468, 0.314
40.492, 0.314
40.517, 0.306
40.541, 0.306
40.565, 0.306
40.589, 0.306
40.613, 0.306
40.613, 0.298
40.638, 0.298
40.662, 0.298
40.686, 0.298
40.71, 0.298
40.734, 0.298
40.758, 0.29
40.782, 0.29
40.806, 0.29
40.83, 0.29
40.854, 0.29
40.878, 0.281
40.902, 0.281
40.926, 0.281
40.95, 0.281
40.974, 0.281
40.998, 0.281
41.022, 0.29
41.046, 0.29
41.07, 0.29
41.094, 0.29
41.119, 0.29
41.143, 0.298
41.167, 0.298
41.191, 0.298
41.215, 0.298
41.238, 0.298
41.263, 0.298
41.287, 0.298
41.311, 0.298
41.335, 0.298
41.359, 0.298
41.383, 0.298
41.407, 0.298
41.431, 0.298
41.455, 0.298
41.479, 0.298
41.503, 0.298
41.527, 0.298
41.552, 0.306
41.576, 0.306
41.6, 0.314
41.624, 0.314
41.648, 0.323
41.672, 0.323
41.696, 0.323
41.72, 0.331
41.744, 0.331
41.744, 0.339
41.768, 0.339
41.792, 0.339
41.817, 0.347
41.841, 0.347
41.865, 0.347
41.889, 0.347
41.913, 0.355
41.937, 0.355
41.96, 0.355
41.984, 0.355
42.009, 0.355
42.033, 0.355
42.057, 0.355
42.081, 0.355
42.105, 0.355
42.129, 0.355
42.153, 0.355
42.177, 0.355
42.201, 0.355
42.226, 0.355
42.25, 0.363
42.274, 0.363
42.298, 0.371
42.322, 0.371
42.346, 0.38
42.37, 0.38
42.394, 0.38
42.418, 0.389
42.442, 0.389
42.466, 0.389
42.442, 0.389
42.418, 0.389
42.394, 0.38
42.37, 0.38
42.346, 0.38
42.322, 0.38
42.298, 0.371
42.274, 0.371
42.298, 0.38
42.322, 0.38
42.346, 0.389
42.37, 0.389
42.394, 0.389
42.418, 0.397
42.442, 0.397
42.466, 0.397
42.491, 0.397
42.515, 0.397
42.539, 0.397
42.563, 0.405
42.587, 0.405
42.611, 0.405
42.635, 0.414
42.659, 0.414
42.683, 0.422
42.706, 0.43
42.73, 0.43
42.73, 0.438
42.755, 0.438
42.78, 0.447
42.804, 0.447
42.827, 0.455
42.851, 0.463
42.876, 0.471
42.9, 0.471
42.924, 0.48
42.948, 0.488
42.972, 0.496
42.996, 0.504
43.021, 0.504
43.021, 0.513
43.045, 0.521
43.069, 0.521
43.093, 0.529
43.093, 0.538
43.117, 0.546
43.141, 0.546
43.165, 0.554
43.166, 0.562
43.19, 0.562
43.214, 0.571
43.214, 0.579
43.238, 0.579
43.262, 0.587
43.286, 0.595
43.31, 0.604
43.334, 0.612
43.358, 0.612
43.359, 0.62
43.383, 0.628
43.407, 0.628
43.407, 0.637
43.431, 0.645
43.455, 0.645
43.479, 0.653
43.479, 0.662
43.503, 0.67
43.527, 0.67
43.552, 0.678
43.552, 0.686
43.576, 0.686
43.6, 0.694
43.624, 0.702
43.648, 0.71
43.648, 0.718
43.648, 0.728
43.648, 0.736
43.672, 0.744
43.673, 0.753
43.697, 0.761
43.721, 0.769
43.721, 0.777
43.721, 0.786
43.721, 0.794
43.745, 0.802
43.745, 0.81
43.745, 0.819
43.769, 0.827
43.77, 0.835
43.794, 0.843
43.794, 0.851
43.818, 0.859
43.818, 0.867
43.818, 0.877
43.818, 0.885
43.842, 0.893
43.842, 0.901
43.866, 0.91
43.867, 0.918
43.867, 0.926
43.891, 0.934
43.891, 0.943
43.915, 0.951
43.915, 0.959
43.915, 0.967
43.939, 0.976
43.939, 0.984
43.939, 0.992
43.939, 1.001
43.964, 1.009
43.964, 1.017
43.988, 1.025
43.988, 1.034
44.012, 1.042
44.012, 1.05
44.036, 1.058
44.036, 1.067
44.036, 1.075
44.061, 1.083
44.061, 1.092
44.085, 1.1
44.109, 1.108
44.109, 1.116
44.109, 1.125
44.133, 1.133
44.133, 1.141
44.157, 1.149
44.157, 1.158
44.158, 1.166
44.182, 1.166
44.206, 1.174
44.206, 1.182
44.23, 1.191
44.23, 1.199
44.23, 1.207
44.23, 1.216
44.254, 1.216
44.278, 1.224
44.303, 1.232
44.303, 1.24
44.303, 1.249
44.327, 1.257
44.327, 1.265
44.327, 1.273
44.351, 1.282
44.375, 1.29
44.375, 1.298
44.399, 1.306
44.4, 1.315
44.4, 1.323
44.424, 1.331
44.424, 1.34
44.448, 1.347
44.448, 1.355
44.472, 1.363
44.472, 1.373
44.496, 1.381
44.496, 1.389
44.496, 1.397
44.521, 1.406
44.521, 1.414
44.521, 1.422
44.545, 1.431
44.545, 1.439
44.569, 1.447
44.569, 1.455
44.593, 1.464
44.593, 1.472
44.617, 1.48
44.617, 1.488
44.617, 1.496
44.617, 1.505
44.642, 1.505
44.666, 1.513
44.666, 1.521
44.69, 1.53
44.69, 1.538
44.714, 1.546
44.714, 1.555
44.714, 1.563
44.738, 1.571
44.738, 1.579
44.763, 1.579
44.763, 1.588
44.787, 1.596
44.787, 1.604
44.811, 1.612
44.835, 1.621
44.859, 1.629
44.859, 1.637
44.884, 1.645
44.884, 1.654
44.884, 1.662
44.908, 1.67
44.932, 1.67
44.932, 1.679
44.956, 1.679
44.98, 1.687
44.98, 1.694
44.98, 1.702
45.005, 1.712
