9.86e-3, -2.061e-2
3.003e-2, -2.061e-2
5.02e-2, -2.061e-2
7.037e-2, -2.061e-2
9.054e-2, -2.061e-2
0.111, -2.062e-2
0.131, -2.062e-2
0.151, -2.062e-2
0.171, -2.062e-2
0.191, -2.062e-2
0.212, -2.062e-2
0.232, -2.062e-2
0.252, -2.062e-2
0.272, -2.063e-2
0.292, -2.063e-2
0.312, -3.241e-2
0.332, -3.241e-2
0.353, -3.241e-2
0.373, -3.241e-2
0.393, -3.241e-2
0.413, -3.241e-2
0.433, -3.241e-2
0.453, -3.241e-2
0.474, -3.242e-2
0.494, -3.242e-2
0.514, -3.242e-2
0.534, -3.242e-2
0.554, -3.242e-2
0.575, -3.242e-2
0.595, -3.242e-2
0.615, -3.242e-2
0.635, -3.243e-2
0.655, -3.243e-2
0.675, -3.243e-2
0.696, -3.243e-2
0.716, -3.243e-2
0.736, -3.243e-2
0.756, -3.243e-2
0.776, -3.244e-2
0.796, -3.244e-2
0.817, -3.244e-2
0.837, -3.244e-2
0.857, -3.244e-2
0.877, -3.244e-2
0.897, -3.244e-2
0.917, -3.244e-2
0.938, -3.245e-2
0.958, -3.245e-2
0.978, -3.245e-2
0.998, -3.245e-2
1.018, -3.245e-2
1.038, -3.245e-2
1.059, -3.245e-2
1.079, -3.246e-2
1.099, -3.246e-2
1.119, -3.246e-2
1.139, -3.246e-2
1.159, -3.246e-2
1.18, -3.246e-2
1.2, -3.246e-2
1.22, -3.246e-2
1.24, -3.247e-2
1.26, -3.247e-2
1.28, -3.247e-2
1.301, -3.247e-2
1.321, -3.247e-2
1.341, -4.425e-2
1.361, -4.425e-2
1.381, -4.425e-2
1.401, -4.425e-2
1.422, -4.425e-2
1.442, -4.426e-2
1.462, -4.426e-2
1.482, -4.426e-2
1.502, -4.426e-2
1.522, -4.426e-2
1.543, -4.426e-2
1.563, -4.426e-2
1.583, -4.426e-2
1.603, -4.427e-2
1.623, -4.427e-2
1.643, -4.427e-2
1.664, -4.427e-2
1.684, -4.427e-2
1.704, -4.427e-2
1.724, -4.427e-2
1.744, -4.428e-2
1.764, -4.428e-2
1.785, -4.428e-2
1.805, -4.428e-2
1.825, -4.428e-2
1.845, -4.428e-2
1.865, -4.428e-2
1.885, -4.428e-2
1.906, -4.429e-2
1.926, -4.429e-2
1.946, -4.429e-2
1.966, -4.429e-2
1.986, -4.429e-2
2.006, -4.429e-2
2.027, -4.429e-2
2.047, -4.429e-2
2.067, -4.43e-2
2.087, -4.43e-2
2.107, -4.43e-2
2.127, -4.43e-2
2.148, -4.43e-2
2.168, -4.43e-2
2.188, -4.43e-2
2.208, -4.431e-2
2.228, -4.431e-2
2.249, -4.431e-2
2.269, -4.431e-2
2.289, -4.431e-2
2.309, -4.431e-2
2.329, -4.431e-2
2.349, -4.431e-2
2.37, -4.432e-2
2.39, -4.432e-2
2.41, -4.432e-2
2.43, -4.432e-2
2.45, -4.432e-2
2.47, -4.432e-2
2.491, -4.432e-2
2.511, -4.433e-2
2.531, -4.433e-2
2.551, -4.433e-2
2.571, -4.433e-2
2.591, -4.433e-2
2.612, -4.433e-2
2.632, -4.433e-2
2.652, -4.433e-2
2.672, -4.434e-2
2.692, -4.434e-2
2.712, -4.434e-2
2.733, -3.256e-2
2.753, -3.256e-2
2.773, -3.257e-2
2.793, -3.257e-2
2.813, -3.257e-2
2.834, -3.257e-2
2.854, -3.257e-2
2.874, -3.257e-2
2.894, -3.257e-2
2.914, -3.258e-2
2.934, -3.258e-2
2.955, -3.258e-2
2.975, -3.258e-2
2.995, -3.258e-2
3.015, -3.258e-2
3.035, -3.258e-2
3.055, -3.258e-2
3.076, -3.259e-2
3.096, -3.259e-2
3.116, -3.259e-2
3.136, -3.259e-2
3.156, -3.259e-2
3.176, -3.259e-2
3.197, -3.259e-2
3.217, -3.26e-2
3.237, -3.26e-2
3.257, -3.26e-2
3.277, -3.26e-2
3.297, -3.26e-2
3.318, -3.26e-2
3.338, -3.26e-2
3.358, -3.26e-2
3.378, -3.261e-2
3.398, -3.261e-2
3.419, -3.261e-2
3.439, -3.261e-2
3.459, -3.261e-2
3.479, -3.261e-2
3.499, -3.261e-2
3.519, -3.261e-2
3.54, -3.262e-2
3.56, -3.262e-2
3.58, -3.262e-2
3.6, -3.262e-2
3.62, -3.262e-2
3.64, -3.262e-2
3.661, -3.262e-2
3.681, -3.263e-2
3.701, -3.263e-2
3.721, -3.263e-2
3.741, -3.263e-2
3.761, -3.263e-2
3.782, -3.263e-2
3.802, -3.263e-2
3.822, -3.263e-2
3.842, -3.264e-2
3.862, -3.264e-2
3.882, -3.264e-2
3.903, -3.264e-2
3.923, -3.264e-2
3.943, -3.264e-2
3.963, -3.264e-2
3.983, -3.265e-2
4.003, -3.265e-2
4.024, -3.265e-2
4.044, -3.265e-2
4.064, -3.265e-2
4.084, -3.265e-2
4.104, -3.265e-2
4.124, -3.265e-2
4.145, -3.266e-2
4.165, -3.266e-2
4.185, -3.266e-2
4.205, -3.266e-2
4.225, -3.266e-2
4.245, -3.266e-2
4.266, -3.266e-2
4.286, -3.267e-2
4.306, -3.267e-2
4.326, -3.267e-2
4.346, -3.267e-2
4.367, -3.267e-2
4.387, -3.267e-2
4.407, -3.267e-2
4.427, -3.267e-2
4.447, -3.268e-2
4.467, -3.268e-2
4.488, -3.268e-2
4.508, -3.268e-2
4.528, -3.268e-2
4.548, -3.268e-2
4.568, -3.268e-2
4.588, -3.268e-2
4.609, -3.269e-2
4.629, -3.269e-2
4.649, -3.269e-2
4.669, -3.269e-2
4.689, -3.269e-2
4.709, -3.269e-2
4.73, -3.269e-2
4.75, -3.27e-2
4.77, -3.27e-2
4.79, -3.27e-2
4.81, -3.27e-2
4.83, -3.27e-2
4.851, -3.27e-2
4.871, -3.27e-2
4.891, -3.27e-2
4.911, -3.271e-2
4.931, -3.271e-2
4.951, -3.271e-2
4.972, -3.271e-2
4.992, -3.271e-2
5.012, -3.271e-2
5.032, -3.271e-2
5.052, -3.272e-2
5.072, -3.272e-2
5.093, -3.272e-2
5.113, -3.272e-2
5.133, -2.094e-2
5.153, -2.095e-2
5.173, -2.095e-2
5.194, -2.095e-2
5.214, -2.095e-2
5.234, -2.095e-2
5.254, -9.176e-3
5.274, -9.177e-3
5.295, -9.179e-3
5.315, -9.18e-3
5.335, -9.181e-3
5.355, -9.183e-3
5.375, -9.184e-3
5.396, 2.591e-3
5.416, 2.59e-3
5.436, 2.588e-3
5.456, 2.587e-3
5.476, 2.586e-3
5.496, 1.436e-2
5.517, 1.436e-2
5.537, 2.613e-2
5.557, 2.613e-2
5.577, 3.791e-2
5.597, 3.791e-2
5.617, 4.968e-2
5.638, 6.146e-2
5.659, 7.323e-2
5.679, 8.501e-2
5.698, 9.678e-2
5.718, 0.109
5.74, 0.109
5.76, 0.12
5.78, 0.132
5.801, 0.144
5.801, 0.156
5.821, 0.167
5.821, 0.179
5.821, 0.191
5.821, 0.203
5.842, 0.215
5.842, 0.226
5.862, 0.238
5.862, 0.25
5.862, 0.262
5.862, 0.273
5.863, 0.285
5.863, 0.297
5.863, 0.309
5.863, 0.321
5.883, 0.332
5.883, 0.343
5.904, 0.355
5.924, 0.367
5.924, 0.379
5.944, 0.391
5.944, 0.403
5.944, 0.415
5.964, 0.426
5.964, 0.438
5.984, 0.45
5.986, 0.462
6.006, 0.474
6.006, 0.484
6.006, 0.496
6.006, 0.509
6.006, 0.521
6.027, 0.532
6.027, 0.544
6.027, 0.556
6.047, 0.568
6.047, 0.58
6.047, 0.591
6.068, 0.603
6.068, 0.615
6.088, 0.627
6.088, 0.638
6.088, 0.65
6.089, 0.662
6.089, 0.674
6.109, 0.686
6.109, 0.697
6.109, 0.709
6.13, 0.721
6.13, 0.733
6.13, 0.744
6.13, 0.756
6.15, 0.768
6.15, 0.78
6.151, 0.792
6.151, 0.803
6.151, 0.815
6.151, 0.827
6.171, 0.839
6.171, 0.85
6.171, 0.862
6.192, 0.874
6.192, 0.886
6.192, 0.898
6.192, 0.909
6.212, 0.921
6.213, 0.933
6.213, 0.944
6.213, 0.956
6.213, 0.968
6.213, 0.98
6.233, 0.992
6.234, 1.004
6.254, 1.015
6.254, 1.027
6.254, 1.039
6.254, 1.051
6.254, 1.062
6.254, 1.074
6.275, 1.086
6.275, 1.098
6.275, 1.11
6.275, 1.121
6.295, 1.133
6.296, 1.145
6.296, 1.157
6.296, 1.168
6.316, 1.18
6.316, 1.192
6.337, 1.204
6.337, 1.215
6.337, 1.227
6.337, 1.238
6.337, 1.251
6.337, 1.263
6.357, 1.274
6.358, 1.286
6.358, 1.298
6.358, 1.31
6.378, 1.321
6.378, 1.333
6.378, 1.345
6.379, 1.357
6.379, 1.369
6.379, 1.38
6.379, 1.392
6.379, 1.404
6.379, 1.416
6.4, 1.427
6.4, 1.439
6.4, 1.451
6.42, 1.463
6.42, 1.475
6.42, 1.486
6.441, 1.498
6.441, 1.51
6.441, 1.522
6.441, 1.533
6.441, 1.545
6.441, 1.557
6.441, 1.569
6.442, 1.581
6.442, 1.592
6.462, 1.604
6.462, 1.616
6.462, 1.628
6.462, 1.639
6.483, 1.651
6.483, 1.663
6.483, 1.675
6.483, 1.687
6.483, 1.698
6.483, 1.71
6.483, 1.722
6.504, 1.734
6.504, 1.745
6.504, 1.757
6.504, 1.769
6.504, 1.781
6.504, 1.793
6.525, 1.804
6.525, 1.815
6.525, 1.827
6.525, 1.839
6.545, 1.851
6.545, 1.863
6.546, 1.875
6.546, 1.887
6.546, 1.898
6.565, 1.91
6.565, 1.922
6.565, 1.934
6.567, 1.946
6.587, 1.956
6.587, 1.968
6.587, 1.98
6.587, 1.992
6.587, 2.004
6.587, 2.016
6.608, 2.028
6.608, 2.04
6.608, 2.052
6.608, 2.063
6.608, 2.075
6.608, 2.087
6.629, 2.099
6.629, 2.11
6.629, 2.121
6.629, 2.134
6.629, 2.146
6.629, 2.158
6.629, 2.169
6.63, 2.181
6.63, 2.193
6.63, 2.205
6.63, 2.216
6.63, 2.228
6.63, 2.24
6.63, 2.252
6.651, 2.264
6.651, 2.275
6.651, 2.287
6.671, 2.299
6.671, 2.311
6.671, 2.322
6.672, 2.334
6.672, 2.346
6.692, 2.358
6.692, 2.37
6.692, 2.381
6.692, 2.393
6.693, 2.405
6.693, 2.417
6.693, 2.428
6.693, 2.44
6.693, 2.452
6.713, 2.464
6.714, 2.476
6.714, 2.487
6.714, 2.499
6.734, 2.511
6.734, 2.523
6.734, 2.534
6.755, 2.546
6.775, 2.558
6.775, 2.569
6.795, 2.581
6.795, 2.593
6.796, 2.605
6.815, 2.617
6.815, 2.629
6.815, 2.64
6.815, 2.652
6.815, 2.664
6.837, 2.676
6.837, 2.687
6.837, 2.698
6.837, 2.71
6.857, 2.722
6.858, 2.734
6.858, 2.746
6.858, 2.758
6.878, 2.77
6.878, 2.782
6.878, 2.793
6.899, 2.805
6.899, 2.817
6.899, 2.829
6.899, 2.841
6.919, 2.851
6.919, 2.863
6.92, 2.876
6.92, 2.888
6.94, 2.899
6.94, 2.911
6.94, 2.923
6.94, 2.935
6.96, 2.947
6.96, 2.958
6.96, 2.97
6.98, 2.982
6.98, 2.994
6.982, 3.005
6.982, 3.017
7.002, 3.029
7.002, 3.041
7.002, 3.053
7.002, 3.064
7.023, 3.076
7.023, 3.088
7.043, 3.1
7.043, 3.111
7.063, 3.123
7.064, 3.135
7.084, 3.147
7.084, 3.159
7.104, 3.17
7.104, 3.182
7.105, 3.194
7.125, 3.206
7.125, 3.217
7.125, 3.229
7.125, 3.241
7.125, 3.253
7.146, 3.264
7.146, 3.276
7.166, 3.288
7.166, 3.3
7.187, 3.312
7.187, 3.323
7.207, 3.335
7.207, 3.347
7.227, 3.359
7.228, 3.37
7.228, 3.382
7.248, 3.394
7.248, 3.406
7.248, 3.418
7.248, 3.429
7.269, 3.441
7.269, 3.453
7.289, 3.453
7.289, 3.465
7.309, 3.476
7.31, 3.488
7.33, 3.5
7.35, 3.512
7.35, 3.524
7.35, 3.535
7.35, 3.547
7.371, 3.559
7.371, 3.571
7.391, 3.581
7.412, 3.593
7.412, 3.605
7.432, 3.617
7.432, 3.63
7.452, 3.641
7.472, 3.653
7.492, 3.653
7.492, 3.665
7.513, 3.677
7.533, 3.677
7.554, 3.688
7.573, 3.7
7.593, 3.712
7.615, 3.712
7.635, 3.724
7.635, 3.736
7.655, 3.736
7.675, 3.746
7.696, 3.746
7.716, 3.746
7.736, 3.746
7.756, 3.746
7.776, 3.746
7.796, 3.746
7.817, 3.746
7.837, 3.746
7.857, 3.746
7.877, 3.736
7.897, 3.734
7.917, 3.734
7.937, 3.724
7.958, 3.724
7.958, 3.734
7.978, 3.724
7.978, 3.712
7.998, 3.7
8.018, 3.688
8.018, 3.677
8.038, 3.665
8.037, 3.653
8.057, 3.641
8.057, 3.63
8.077, 3.617
8.097, 3.605
8.097, 3.593
8.097, 3.581
8.117, 3.571
8.117, 3.559
8.137, 3.547
8.137, 3.535
8.157, 3.524
8.157, 3.512
8.177, 3.5
8.177, 3.488
8.177, 3.476
8.177, 3.465
8.176, 3.453
8.176, 3.441
8.196, 3.429
8.196, 3.418
8.196, 3.406
8.216, 3.394
8.216, 3.382
8.216, 3.37
8.236, 3.359
8.236, 3.347
8.236, 3.335
8.236, 3.323
8.256, 3.312
8.255, 3.3
8.255, 3.288
8.275, 3.276
8.275, 3.264
8.275, 3.253
8.295, 3.241
8.295, 3.229
8.295, 3.217
8.315, 3.206
8.315, 3.194
8.315, 3.182
8.315, 3.17
8.314, 3.158
8.334, 3.147
8.334, 3.135
8.334, 3.123
8.354, 3.111
8.354, 3.1
8.354, 3.088
8.354, 3.076
8.354, 3.064
8.354, 3.052
8.374, 3.041
8.374, 3.029
8.373, 3.017
8.393, 3.005
8.393, 2.994
8.393, 2.982
8.413, 2.982
8.413, 2.97
8.433, 2.958
8.433, 2.946
8.453, 2.935
8.453, 2.923
8.453, 2.911
8.453, 2.899
8.453, 2.888
8.453, 2.876
8.472, 2.863
8.472, 2.851
8.492, 2.839
8.513, 2.829
8.512, 2.817
8.532, 2.805
8.532, 2.793
8.532, 2.782
8.552, 2.77
8.572, 2.758
8.572, 2.746
8.572, 2.734
8.572, 2.722
8.572, 2.71
8.592, 2.698
8.592, 2.687
8.612, 2.676
8.632, 2.664
8.632, 2.652
8.631, 2.64
8.652, 2.628
8.651, 2.617
8.651, 2.605
8.671, 2.593
8.671, 2.581
8.671, 2.569
8.69, 2.558
8.69, 2.546
8.69, 2.534
8.69, 2.522
8.69, 2.511
8.71, 2.499
8.71, 2.487
8.71, 2.475
8.73, 2.464
8.73, 2.452
8.73, 2.44
8.75, 2.428
8.75, 2.417
8.75, 2.405
8.75, 2.393
8.75, 2.381
8.75, 2.369
8.77, 2.358
8.769, 2.346
8.769, 2.334
8.789, 2.322
8.789, 2.311
8.789, 2.299
8.789, 2.287
8.809, 2.275
8.809, 2.263
8.809, 2.252
8.809, 2.24
8.809, 2.228
8.808, 2.216
8.827, 2.205
8.827, 2.193
8.847, 2.181
8.847, 2.169
8.867, 2.157
8.867, 2.146
8.867, 2.134
8.867, 2.121
8.867, 2.11
8.888, 2.099
8.888, 2.087
8.888, 2.075
8.908, 2.063
8.907, 2.051
8.907, 2.04
8.907, 2.028
8.907, 2.016
8.907, 2.004
8.907, 1.992
8.927, 1.98
8.927, 1.968
8.927, 1.956
8.926, 1.944
8.946, 1.934
8.946, 1.922
8.946, 1.91
8.966, 1.898
8.966, 1.887
8.986, 1.875
8.986, 1.863
9.006, 1.851
9.006, 1.839
9.006, 1.827
9.006, 1.815
9.006, 1.804
9.005, 1.792
9.026, 1.781
9.025, 1.769
9.045, 1.757
9.065, 1.745
9.065, 1.733
9.085, 1.722
9.085, 1.71
9.105, 1.698
9.105, 1.686
9.125, 1.675
9.125, 1.663
9.125, 1.651
9.125, 1.639
9.125, 1.627
9.125, 1.616
9.124, 1.604
9.144, 1.592
9.144, 1.58
9.164, 1.569
9.184, 1.557
9.184, 1.545
9.204, 1.533
9.204, 1.521
9.204, 1.51
9.224, 1.498
9.224, 1.486
9.244, 1.474
9.244, 1.463
9.264, 1.451
9.264, 1.439
9.264, 1.427
9.264, 1.415
9.284, 1.415
9.304, 1.404
9.304, 1.392
9.304, 1.38
9.324, 1.38
9.343, 1.367
9.343, 1.357
9.363, 1.345
9.363, 1.333
9.384, 1.321
9.383, 1.309
9.383, 1.298
9.383, 1.286
9.403, 1.274
9.403, 1.262
9.423, 1.262
9.423, 1.251
9.443, 1.238
9.443, 1.227
9.463, 1.215
9.483, 1.204
9.503, 1.192
9.503, 1.18
9.503, 1.168
9.523, 1.156
9.543, 1.145
9.563, 1.133
9.563, 1.121
9.583, 1.109
9.603, 1.098
9.603, 1.086
9.623, 1.074
9.623, 1.062
9.623, 1.05
9.643, 1.039
9.643, 1.027
9.663, 1.027
9.663, 1.015
9.683, 1.003
9.683, 0.992
9.702, 0.98
9.722, 0.968
9.722, 0.956
9.742, 0.944
9.742, 0.933
9.742, 0.921
9.762, 0.909
9.782, 0.897
9.802, 0.886
9.822, 0.874
9.842, 0.862
9.842, 0.85
9.842, 0.838
9.862, 0.827
9.882, 0.815
9.902, 0.803
9.902, 0.791
9.922, 0.791
9.942, 0.78
9.942, 0.768
9.962, 0.756
9.982, 0.756
9.982, 0.744
10.002, 0.732
10.022, 0.721
10.042, 0.709
10.063, 0.697
10.083, 0.697
10.103, 0.685
10.123, 0.674
10.143, 0.662
10.163, 0.65
10.183, 0.638
10.183, 0.626
10.203, 0.615
10.223, 0.603
10.242, 0.591
10.263, 0.591
10.283, 0.579
10.303, 0.568
10.303, 0.556
10.323, 0.556
10.323, 0.544
10.343, 0.544
10.363, 0.532
10.383, 0.52
10.403, 0.509
10.423, 0.496
10.443, 0.484
10.463, 0.472
10.484, 0.462
10.504, 0.45
10.524, 0.438
10.544, 0.426
10.564, 0.414
10.584, 0.403
10.604, 0.403
10.624, 0.403
10.644, 0.391
10.664, 0.391
10.684, 0.379
10.704, 0.367
10.725, 0.367
10.745, 0.355
10.765, 0.343
10.785, 0.343
10.805, 0.332
10.825, 0.32
10.845, 0.308
10.865, 0.308
10.885, 0.308
10.905, 0.297
10.925, 0.297
10.946, 0.285
10.966, 0.273
10.986, 0.273
11.006, 0.261
11.026, 0.261
11.046, 0.25
11.066, 0.25
11.086, 0.238
11.106, 0.226
11.126, 0.226
11.147, 0.226
11.167, 0.214
11.187, 0.214
11.207, 0.214
11.227, 0.202
11.246, 0.202
11.267, 0.202
11.287, 0.191
11.308, 0.191
11.328, 0.191
11.347, 0.191
11.367, 0.191
11.388, 0.179
11.408, 0.179
11.428, 0.179
11.449, 0.179
11.468, 0.179
11.488, 0.167
11.509, 0.167
11.529, 0.167
11.549, 0.167
11.569, 0.155
11.589, 0.155
11.609, 0.155
11.63, 0.143
11.65, 0.143
11.67, 0.143
11.69, 0.132
11.71, 0.132
11.73, 0.132
11.751, 0.132
11.771, 0.132
11.791, 0.132
11.811, 0.132
11.831, 0.12
11.851, 0.12
11.871, 0.12
11.892, 0.12
11.912, 0.108
11.932, 0.108
11.952, 0.108
11.972, 0.108
11.992, 0.108
12.012, 9.637e-2
12.033, 9.637e-2
12.053, 9.637e-2
12.073, 9.636e-2
12.093, 9.636e-2
12.113, 9.636e-2
12.134, 9.636e-2
12.154, 9.636e-2
12.174, 9.636e-2
12.194, 9.636e-2
12.214, 9.635e-2
12.214, 8.458e-2
12.234, 8.458e-2
12.234, 7.28e-2
12.254, 7.28e-2
12.274, 6.102e-2
12.294, 6.102e-2
12.315, 6.102e-2
12.335, 6.102e-2
12.355, 6.102e-2
12.375, 6.102e-2
12.395, 6.101e-2
12.416, 6.101e-2
12.436, 6.101e-2
12.456, 6.101e-2
12.476, 6.101e-2
12.496, 6.101e-2
12.516, 4.923e-2
12.536, 4.923e-2
12.557, 4.923e-2
12.577, 4.923e-2
12.597, 3.745e-2
12.617, 3.745e-2
12.637, 3.745e-2
12.657, 3.744e-2
12.677, 3.744e-2
12.698, 2.567e-2
12.718, 2.566e-2
12.738, 2.566e-2
12.758, 2.566e-2
12.778, 1.388e-2
12.798, 1.388e-2
12.818, 1.388e-2
12.839, 1.388e-2
12.859, 1.388e-2
12.879, 1.388e-2
12.899, 1.388e-2
12.919, 1.388e-2
12.939, 1.387e-2
12.96, 1.387e-2
12.98, 1.387e-2
13.0, 1.387e-2
13.02, 1.387e-2
13.04, 1.387e-2
13.06, 1.387e-2
13.081, 1.386e-2
13.101, 1.386e-2
13.121, 1.386e-2
13.141, 1.386e-2
13.161, 1.386e-2
13.181, 1.386e-2
13.202, 1.386e-2
13.222, 1.386e-2
13.242, 1.385e-2
13.262, 1.385e-2
13.282, 1.385e-2
13.302, 1.385e-2
13.323, 1.385e-2
13.343, 2.071e-3
13.363, 2.07e-3
13.383, 2.068e-3
13.403, 2.067e-3
13.423, 2.066e-3
13.444, 2.065e-3
13.464, 2.063e-3
13.484, 2.062e-3
13.504, 2.061e-3
13.524, 2.059e-3
13.544, 2.058e-3
13.565, 2.057e-3
13.585, 2.055e-3
13.605, 2.054e-3
13.605, -9.722e-3
13.625, -9.724e-3
13.645, -2.15e-2
13.665, -2.15e-2
13.685, -2.15e-2
13.706, -2.151e-2
13.726, -2.151e-2
13.746, -2.151e-2
13.766, -2.151e-2
13.786, -2.151e-2
13.806, -2.151e-2
13.827, -2.151e-2
13.847, -2.151e-2
13.867, -2.152e-2
13.887, -2.152e-2
13.907, -3.329e-2
13.927, -3.33e-2
13.947, -3.33e-2
13.968, -3.33e-2
13.988, -3.33e-2
14.008, -3.33e-2
14.028, -3.33e-2
14.048, -3.33e-2
14.068, -3.331e-2
14.089, -3.331e-2
14.109, -3.331e-2
14.129, -3.331e-2
14.149, -3.331e-2
14.169, -3.331e-2
14.189, -3.331e-2
14.21, -3.331e-2
14.23, -3.332e-2
14.25, -3.332e-2
14.27, -3.332e-2
14.29, -3.332e-2
14.31, -3.332e-2
14.331, -3.332e-2
14.351, -3.332e-2
14.371, -3.332e-2
14.391, -3.333e-2
14.411, -3.333e-2
14.432, -3.333e-2
14.452, -3.333e-2
14.472, -3.333e-2
14.492, -3.333e-2
14.512, -3.333e-2
14.532, -4.511e-2
14.552, -4.511e-2
14.573, -4.511e-2
14.593, -4.512e-2
14.613, -4.512e-2
14.633, -4.512e-2
14.653, -4.512e-2
14.673, -4.512e-2
14.694, -4.512e-2
14.714, -4.512e-2
14.734, -4.512e-2
14.754, -4.513e-2
14.774, -4.513e-2
14.794, -4.513e-2
14.815, -4.513e-2
14.835, -4.513e-2
14.855, -4.513e-2
14.875, -4.513e-2
14.895, -4.514e-2
14.916, -3.336e-2
14.936, -3.336e-2
14.956, -3.336e-2
14.976, -3.336e-2
14.996, -3.337e-2
15.016, -3.337e-2
15.037, -3.337e-2
15.057, -3.337e-2
15.077, -3.337e-2
15.097, -3.337e-2
15.117, -3.337e-2
15.137, -3.338e-2
15.158, -3.338e-2
15.178, -3.338e-2
15.198, -3.338e-2
15.218, -3.338e-2
15.238, -3.338e-2
15.258, -3.338e-2
15.279, -3.338e-2
15.299, -3.339e-2
15.319, -3.339e-2
15.339, -3.339e-2
15.359, -3.339e-2
15.38, -3.339e-2
15.4, -3.339e-2
15.42, -3.339e-2
15.44, -3.339e-2
15.46, -3.34e-2
15.48, -3.34e-2
15.501, -3.34e-2
15.521, -3.34e-2
15.541, -3.34e-2
15.561, -4.518e-2
15.581, -4.518e-2
15.601, -4.518e-2
15.621, -4.518e-2
15.642, -4.518e-2
15.662, -4.519e-2
15.682, -4.519e-2
15.702, -4.519e-2
15.722, -4.519e-2
15.742, -4.519e-2
15.763, -4.519e-2
15.783, -4.519e-2
15.803, -4.519e-2
15.823, -4.52e-2
15.843, -4.52e-2
15.863, -4.52e-2
15.884, -4.52e-2
15.904, -4.52e-2
15.924, -4.52e-2
15.944, -4.52e-2
15.964, -4.521e-2
15.984, -4.521e-2
16.005, -4.521e-2
16.025, -4.521e-2
16.045, -4.521e-2
16.065, -4.521e-2
16.085, -4.521e-2
16.106, -4.521e-2
16.126, -4.522e-2
16.146, -4.522e-2
16.166, -4.522e-2
16.186, -4.522e-2
16.206, -4.522e-2
16.227, -4.522e-2
16.246, -4.522e-2
16.267, -4.523e-2
16.287, -4.523e-2
16.307, -4.523e-2
16.327, -4.523e-2
16.347, -4.523e-2
16.367, -4.523e-2
16.388, -4.523e-2
16.408, -4.523e-2
16.428, -4.524e-2
16.448, -4.524e-2
16.468, -4.524e-2
16.488, -4.524e-2
16.509, -4.524e-2
16.529, -4.524e-2
16.549, -4.524e-2
16.569, -4.524e-2
16.589, -4.525e-2
16.609, -4.525e-2
16.63, -4.525e-2
16.65, -4.525e-2
16.67, -4.525e-2
16.69, -4.525e-2
16.71, -4.525e-2
16.73, -4.526e-2
16.751, -4.526e-2
16.771, -4.526e-2
16.791, -4.526e-2
16.811, -4.526e-2
16.831, -4.526e-2
16.851, -4.526e-2
16.871, -4.526e-2
16.892, -4.527e-2
16.912, -4.527e-2
16.932, -4.527e-2
16.952, -4.527e-2
16.972, -4.527e-2
16.992, -4.527e-2
17.013, -4.527e-2
17.033, -4.528e-2
17.054, -4.528e-2
17.074, -4.528e-2
17.094, -4.528e-2
17.114, -4.528e-2
17.134, -4.528e-2
17.154, -4.528e-2
17.175, -4.528e-2
17.195, -4.529e-2
17.215, -4.529e-2
17.234, -4.529e-2
17.255, -4.529e-2
17.275, -4.529e-2
17.296, -4.529e-2
17.316, -4.529e-2
17.336, -4.53e-2
17.355, -4.53e-2
17.376, -4.53e-2
17.396, -4.53e-2
17.417, -4.53e-2
17.437, -4.53e-2
17.457, -4.53e-2
17.476, -4.53e-2
17.496, -4.531e-2
17.517, -4.531e-2
17.538, -4.531e-2
17.558, -4.531e-2
17.577, -4.531e-2
17.597, -4.531e-2
17.617, -3.354e-2
17.639, -3.354e-2
17.659, -3.354e-2
17.679, -3.354e-2
17.698, -3.354e-2
17.718, -3.354e-2
17.738, -3.355e-2
17.76, -3.355e-2
17.78, -3.355e-2
17.8, -3.355e-2
17.819, -3.355e-2
17.839, -3.355e-2
17.859, -3.355e-2
17.881, -3.355e-2
17.901, -3.356e-2
17.921, -3.356e-2
17.94, -3.356e-2
17.96, -3.356e-2
17.98, -3.356e-2
18.002, -3.356e-2
18.022, -3.356e-2
18.042, -3.357e-2
18.062, -3.357e-2
18.082, -3.357e-2
18.103, -3.357e-2
18.123, -3.357e-2
18.143, -3.357e-2
18.163, -3.357e-2
18.183, -3.357e-2
18.203, -3.358e-2
18.224, -3.358e-2
18.244, -3.358e-2
18.264, -3.358e-2
18.284, -3.358e-2
18.304, -3.358e-2
18.324, -3.358e-2
18.345, -3.358e-2
18.365, -2.181e-2
18.385, -2.181e-2
18.405, -2.181e-2
18.425, -2.181e-2
18.446, -2.182e-2
18.466, -2.182e-2
18.486, -2.182e-2
18.506, -2.182e-2
18.526, -1.004e-2
18.547, -1.005e-2
18.567, -1.005e-2
18.587, -1.005e-2
18.607, -1.005e-2
18.627, -1.005e-2
18.647, -1.005e-2
18.668, -1.005e-2
18.688, -1.005e-2
18.708, -1.006e-2
18.728, -1.006e-2
18.748, -1.006e-2
18.769, 1.716e-3
18.789, 1.715e-3
18.809, 1.714e-3
18.829, 1.712e-3
18.849, 1.711e-3
18.869, 1.71e-3
18.89, 1.348e-2
18.91, 1.348e-2
18.93, 1.348e-2
18.95, 1.348e-2
18.97, 1.348e-2
18.991, 2.525e-2
19.011, 2.525e-2
19.031, 2.525e-2
19.051, 3.703e-2
19.071, 3.703e-2
19.092, 3.702e-2
19.112, 4.88e-2
19.132, 4.88e-2
19.152, 4.88e-2
19.173, 6.057e-2
19.193, 7.235e-2
19.213, 8.412e-2
19.233, 9.59e-2
19.254, 0.108
19.274, 0.119
19.294, 0.131
19.315, 0.143
19.335, 0.155
19.355, 0.167
19.376, 0.178
19.396, 0.178
19.416, 0.19
19.416, 0.202
19.416, 0.214
19.437, 0.225
19.437, 0.237
19.437, 0.249
19.457, 0.261
19.457, 0.273
19.457, 0.284
19.478, 0.296
19.478, 0.308
19.478, 0.32
19.478, 0.331
19.498, 0.343
19.498, 0.355
19.499, 0.367
19.519, 0.379
19.519, 0.39
19.539, 0.39
19.539, 0.402
19.56, 0.414
19.56, 0.426
19.58, 0.437
19.58, 0.449
19.58, 0.461
19.601, 0.472
19.601, 0.484
19.621, 0.496
19.621, 0.508
19.621, 0.52
19.621, 0.532
19.642, 0.543
19.642, 0.555
19.662, 0.555
19.662, 0.567
19.682, 0.579
19.683, 0.589
19.702, 0.601
19.722, 0.613
19.744, 0.626
19.744, 0.638
19.764, 0.649
19.784, 0.661
19.805, 0.673
19.805, 0.685
19.825, 0.696
19.825, 0.708
19.825, 0.72
19.846, 0.732
19.846, 0.744
19.866, 0.744
19.866, 0.755
19.886, 0.767
19.907, 0.779
19.907, 0.791
19.927, 0.791
19.947, 0.802
19.947, 0.814
19.968, 0.826
19.988, 0.838
19.988, 0.85
19.988, 0.861
19.988, 0.873
20.009, 0.885
20.009, 0.897
20.029, 0.897
20.029, 0.908
20.049, 0.92
20.049, 0.932
20.07, 0.944
20.07, 0.956
20.09, 0.967
20.09, 0.979
20.111, 0.991
20.111, 1.003
20.111, 1.014
20.111, 1.026
20.131, 1.038
20.131, 1.05
20.152, 1.061
20.172, 1.073
20.172, 1.085
20.172, 1.097
20.193, 1.109
20.193, 1.12
20.213, 1.132
20.213, 1.144
20.233, 1.156
20.234, 1.167
20.234, 1.179
20.234, 1.191
20.234, 1.203
20.254, 1.215
20.274, 1.226
20.275, 1.238
20.275, 1.25
20.295, 1.262
20.295, 1.273
20.295, 1.285
20.316, 1.297
20.316, 1.309
20.316, 1.321
20.316, 1.332
20.336, 1.343
20.336, 1.355
20.337, 1.367
20.337, 1.379
20.337, 1.391
20.337, 1.403
20.337, 1.415
20.357, 1.427
20.357, 1.438
20.378, 1.45
20.378, 1.462
20.378, 1.474
20.398, 1.474
20.398, 1.484
20.419, 1.496
20.419, 1.509
20.419, 1.521
20.419, 1.533
20.439, 1.544
20.439, 1.556
20.44, 1.568
20.44, 1.58
20.46, 1.591
20.46, 1.603
20.46, 1.615
20.46, 1.627
20.461, 1.639
20.48, 1.65
20.48, 1.662
20.48, 1.674
20.48, 1.686
20.502, 1.697
20.502, 1.709
20.502, 1.721
20.522, 1.733
20.522, 1.744
20.522, 1.756
20.542, 1.756
20.543, 1.768
20.543, 1.78
20.543, 1.792
20.543, 1.803
20.543, 1.815
20.543, 1.827
20.543, 1.839
20.544, 1.85
20.544, 1.862
20.544, 1.874
20.564, 1.886
20.564, 1.898
20.564, 1.909
20.564, 1.921
20.585, 1.933
20.585, 1.944
20.585, 1.956
20.585, 1.968
20.605, 1.98
20.605, 1.992
20.605, 2.004
20.626, 2.015
20.626, 2.027
20.626, 2.039
20.626, 2.051
20.627, 2.062
20.627, 2.074
20.627, 2.086
20.627, 2.098
20.627, 2.11
20.647, 2.121
20.647, 2.133
20.648, 2.145
20.668, 2.157
20.668, 2.168
20.668, 2.18
20.668, 2.192
20.668, 2.204
20.669, 2.216
20.669, 2.227
20.689, 2.238
20.689, 2.251
20.689, 2.263
20.689, 2.274
20.689, 2.286
20.71, 2.298
20.71, 2.31
20.71, 2.322
20.71, 2.333
20.71, 2.345
20.71, 2.357
20.71, 2.369
20.71, 2.38
20.73, 2.392
20.751, 2.404
20.751, 2.416
20.752, 2.427
20.772, 2.439
20.772, 2.451
20.772, 2.463
20.772, 2.475
20.793, 2.486
20.793, 2.498
20.793, 2.51
20.793, 2.522
20.813, 2.533
20.813, 2.545
20.813, 2.557
20.814, 2.569
20.814, 2.581
20.814, 2.592
20.814, 2.604
20.814, 2.616
20.814, 2.628
20.814, 2.639
20.814, 2.651
20.835, 2.663
20.835, 2.675
20.835, 2.687
20.835, 2.698
20.855, 2.71
20.855, 2.722
20.855, 2.734
20.855, 2.745
20.855, 2.757
20.855, 2.769
20.855, 2.781
20.855, 2.793
20.877, 2.804
20.877, 2.815
20.877, 2.827
20.877, 2.839
20.897, 2.851
20.897, 2.863
20.898, 2.875
20.898, 2.887
20.898, 2.899
20.918, 2.91
20.918, 2.922
20.918, 2.934
20.919, 2.946
20.919, 2.956
20.919, 2.968
20.919, 2.98
20.919, 2.992
20.939, 3.005
20.939, 3.016
20.94, 3.028
20.94, 3.04
20.94, 3.052
20.94, 3.063
20.94, 3.075
20.96, 3.087
20.96, 3.099
20.96, 3.111
20.96, 3.121
20.96, 3.134
20.96, 3.146
20.96, 3.158
20.96, 3.169
20.982, 3.181
20.982, 3.193
20.982, 3.205
20.982, 3.216
20.982, 3.228
20.982, 3.24
20.982, 3.252
20.983, 3.264
21.003, 3.275
21.003, 3.287
21.023, 3.299
21.023, 3.311
21.024, 3.322
21.024, 3.334
21.024, 3.346
21.024, 3.358
21.024, 3.37
21.024, 3.381
21.044, 3.393
21.045, 3.405
21.045, 3.417
21.045, 3.428
21.045, 3.44
21.045, 3.452
21.045, 3.464
21.066, 3.476
21.066, 3.487
21.066, 3.499
21.066, 3.511
21.086, 3.523
21.086, 3.534
21.086, 3.546
21.087, 3.558
21.087, 3.569
21.087, 3.581
21.087, 3.593
21.087, 3.605
21.087, 3.617
21.087, 3.629
21.088, 3.64
21.108, 3.652
21.108, 3.664
21.108, 3.676
21.108, 3.688
21.108, 3.698
21.129, 3.71
21.129, 3.722
21.129, 3.734
21.129, 3.746
21.129, 3.758
21.149, 3.77
21.15, 3.782
21.15, 3.794
21.15, 3.805
21.15, 3.817
21.17, 3.829
21.17, 3.841
21.171, 3.851
21.171, 3.863
21.171, 3.876
21.191, 3.888
21.191, 3.899
21.191, 3.911
21.191, 3.923
21.212, 3.935
21.212, 3.947
21.212, 3.958
21.212, 3.97
21.212, 3.982
21.212, 3.994
21.213, 4.005
21.233, 4.017
21.233, 4.029
21.233, 4.041
21.253, 4.053
21.254, 4.064
21.254, 4.076
21.254, 4.088
21.254, 4.1
21.274, 4.111
21.274, 4.123
21.295, 4.135
21.295, 4.147
21.295, 4.159
21.295, 4.17
21.295, 4.182
21.295, 4.194
21.295, 4.206
21.316, 4.217
21.316, 4.229
21.316, 4.241
21.316, 4.253
21.316, 4.265
21.337, 4.276
21.337, 4.288
21.337, 4.3
21.357, 4.312
21.357, 4.323
21.357, 4.335
21.357, 4.347
21.358, 4.359
21.378, 4.371
21.378, 4.382
21.378, 4.394
21.378, 4.406
21.399, 4.418
21.399, 4.429
21.399, 4.441
21.399, 4.453
21.419, 4.465
21.419, 4.476
21.419, 4.488
21.44, 4.488
21.44, 4.5
21.44, 4.512
21.44, 4.524
21.44, 4.535
21.44, 4.547
21.44, 4.559
21.441, 4.571
21.441, 4.583
21.461, 4.593
21.461, 4.605
21.461, 4.617
21.482, 4.63
21.482, 4.641
21.482, 4.653
21.482, 4.665
21.482, 4.677
21.482, 4.688
21.502, 4.7
21.503, 4.712
21.503, 4.724
21.503, 4.736
21.503, 4.746
21.523, 4.759
21.523, 4.771
21.524, 4.783
21.524, 4.794
21.524, 4.806
21.544, 4.818
21.544, 4.83
21.544, 4.842
21.545, 4.853
21.565, 4.865
21.565, 4.877
21.565, 4.889
21.565, 4.9
21.565, 4.912
21.565, 4.924
21.565, 4.936
21.565, 4.948
21.565, 4.959
21.565, 4.971
21.565, 4.983
21.585, 4.995
21.587, 5.006
21.587, 5.018
21.587, 5.03
21.607, 5.042
21.607, 5.054
21.607, 5.065
21.607, 5.077
21.608, 5.089
21.608, 5.101
21.628, 5.112
21.628, 5.124
21.628, 5.136
21.628, 5.148
21.629, 5.16
21.629, 5.171
21.629, 5.183
21.629, 5.195
21.649, 5.207
21.649, 5.218
21.649, 5.23
21.67, 5.242
21.67, 5.254
21.67, 5.266
21.69, 5.277
21.69, 5.289
21.69, 5.301
21.69, 5.313
21.69, 5.324
21.69, 5.336
21.69, 5.347
21.69, 5.359
21.712, 5.371
21.712, 5.383
21.712, 5.395
21.712, 5.407
21.712, 5.419
21.712, 5.43
21.712, 5.442
21.712, 5.454
21.733, 5.466
21.733, 5.476
21.733, 5.488
21.733, 5.501
21.733, 5.513
21.733, 5.525
21.754, 5.536
21.754, 5.548
21.754, 5.56
21.754, 5.572
21.754, 5.583
21.754, 5.595
21.775, 5.607
21.775, 5.619
21.795, 5.619
21.795, 5.631
21.815, 5.642
21.815, 5.654
21.835, 5.666
21.835, 5.678
21.855, 5.689
21.855, 5.701
21.855, 5.713
21.877, 5.725
21.877, 5.737
21.897, 5.737
21.897, 5.748
21.917, 5.76
21.938, 5.772
21.938, 5.784
21.958, 5.784
21.978, 5.795
21.979, 5.807
21.999, 5.819
22.019, 5.831
22.039, 5.843
22.04, 5.854
22.06, 5.866
22.08, 5.866
22.08, 5.878
22.1, 5.878
22.121, 5.89
22.141, 5.89
22.161, 5.89
22.181, 5.901
22.201, 5.901
22.222, 5.913
22.242, 5.913
22.262, 5.925
22.282, 5.925
22.303, 5.925
22.323, 5.937
22.343, 5.937
22.343, 5.925
22.343, 5.913
22.363, 5.901
22.363, 5.89
22.363, 5.878
22.362, 5.866
22.382, 5.854
22.382, 5.843
22.382, 5.831
22.382, 5.819
22.382, 5.807
22.402, 5.795
22.402, 5.784
22.402, 5.772
22.402, 5.76
22.422, 5.748
22.421, 5.737
22.421, 5.725
22.421, 5.713
22.441, 5.701
22.441, 5.689
22.441, 5.678
22.441, 5.666
22.461, 5.654
22.461, 5.642
22.461, 5.631
22.461, 5.619
22.48, 5.607
22.48, 5.595
22.48, 5.583
22.48, 5.572
22.48, 5.56
22.5, 5.548
22.5, 5.536
22.5, 5.525
22.5, 5.513
22.52, 5.501
22.52, 5.488
22.52, 5.476
22.519, 5.466
22.519, 5.454
22.539, 5.442
22.539, 5.43
22.539, 5.419
22.539, 5.407
22.559, 5.395
22.559, 5.383
22.559, 5.371
22.559, 5.359
22.558, 5.347
22.577, 5.336
22.577, 5.324
22.577, 5.313
22.577, 5.301
22.597, 5.289
22.597, 5.277
22.597, 5.265
22.597, 5.254
22.617, 5.242
22.617, 5.23
22.617, 5.218
22.617, 5.207
22.637, 5.195
22.637, 5.183
22.637, 5.171
22.637, 5.159
22.637, 5.148
22.657, 5.136
22.657, 5.124
22.657, 5.112
22.657, 5.101
22.677, 5.089
22.676, 5.077
22.676, 5.065
22.676, 5.053
22.676, 5.042
22.696, 5.03
22.696, 5.018
22.696, 5.006
22.696, 4.995
22.716, 4.983
22.716, 4.971
22.716, 4.959
22.714, 4.947
22.734, 4.936
22.734, 4.924
22.734, 4.912
22.734, 4.9
22.734, 4.889
22.755, 4.877
22.755, 4.865
22.755, 4.853
22.755, 4.841
22.775, 4.83
22.775, 4.818
22.774, 4.806
22.774, 4.794
22.794, 4.783
22.794, 4.771
22.794, 4.759
22.794, 4.746
22.814, 4.736
22.814, 4.724
22.814, 4.712
22.814, 4.7
22.813, 4.688
22.833, 4.677
22.833, 4.665
22.833, 4.653
22.833, 4.641
22.853, 4.63
22.853, 4.617
22.853, 4.605
22.853, 4.593
22.853, 4.581
22.873, 4.571
22.873, 4.559
22.871, 4.547
22.871, 4.535
22.892, 4.524
22.892, 4.512
22.892, 4.5
22.892, 4.488
22.892, 4.476
22.912, 4.465
22.912, 4.453
22.912, 4.441
22.911, 4.429
22.932, 4.418
22.931, 4.406
22.931, 4.394
22.931, 4.382
22.931, 4.37
22.951, 4.359
22.951, 4.347
22.951, 4.335
22.971, 4.323
22.971, 4.312
22.971, 4.3
22.97, 4.288
22.99, 4.276
22.99, 4.264
22.99, 4.253
22.99, 4.241
22.99, 4.229
23.01, 4.217
23.01, 4.206
23.01, 4.194
23.01, 4.182
23.03, 4.17
23.03, 4.158
23.029, 4.147
23.029, 4.135
23.029, 4.123
23.049, 4.111
23.049, 4.1
23.049, 4.088
23.049, 4.076
23.069, 4.064
23.069, 4.052
23.069, 4.041
23.068, 4.029
23.068, 4.017
23.088, 4.005
23.088, 3.994
23.088, 3.982
23.088, 3.97
23.108, 3.958
23.108, 3.946
23.108, 3.935
23.108, 3.923
23.108, 3.911
23.128, 3.911
23.128, 3.899
23.127, 3.888
23.127, 3.876
23.147, 3.863
23.147, 3.851
23.147, 3.839
23.147, 3.829
23.147, 3.817
23.167, 3.805
23.167, 3.793
23.167, 3.782
23.166, 3.77
23.187, 3.758
23.186, 3.746
23.186, 3.734
23.186, 3.722
23.206, 3.71
23.206, 3.698
23.206, 3.687
23.206, 3.676
23.206, 3.664
23.226, 3.652
23.226, 3.64
23.225, 3.629
23.225, 3.617
23.245, 3.605
23.245, 3.593
23.245, 3.581
23.245, 3.569
23.245, 3.558
23.265, 3.546
23.265, 3.534
23.265, 3.523
23.264, 3.511
23.285, 3.499
23.284, 3.487
23.284, 3.475
23.284, 3.464
23.304, 3.452
23.304, 3.44
23.304, 3.428
23.304, 3.417
23.324, 3.405
23.324, 3.393
23.324, 3.381
23.323, 3.369
23.323, 3.358
23.343, 3.346
23.343, 3.334
23.343, 3.322
23.343, 3.311
23.363, 3.299
23.363, 3.287
23.363, 3.275
23.363, 3.263
23.363, 3.252
23.362, 3.24
23.362, 3.228
23.382, 3.216
23.382, 3.205
23.382, 3.193
23.382, 3.181
23.382, 3.169
23.402, 3.157
23.402, 3.146
23.402, 3.134
23.401, 3.121
23.401, 3.11
23.421, 3.099
23.421, 3.087
23.421, 3.075
23.421, 3.063
23.421, 3.051
23.441, 3.04
23.441, 3.028
23.441, 3.016
23.44, 3.004
23.44, 2.992
23.46, 2.98
23.46, 2.968
23.46, 2.956
23.46, 2.944
23.48, 2.934
23.48, 2.922
23.48, 2.91
23.48, 2.898
23.48, 2.887
23.5, 2.875
23.499, 2.863
23.499, 2.851
23.499, 2.839
23.499, 2.827
23.519, 2.815
23.519, 2.804
23.519, 2.792
23.519, 2.781
23.539, 2.769
23.539, 2.757
23.539, 2.745
23.538, 2.733
23.538, 2.722
23.558, 2.71
23.558, 2.698
23.558, 2.686
23.558, 2.675
23.558, 2.663
23.577, 2.651
23.577, 2.639
23.577, 2.628
23.577, 2.616
23.577, 2.604
23.597, 2.592
23.597, 2.58
23.597, 2.569
23.597, 2.557
23.597, 2.545
23.617, 2.533
23.617, 2.522
23.617, 2.51
23.616, 2.498
23.616, 2.486
23.636, 2.474
23.636, 2.463
23.636, 2.451
23.636, 2.439
23.636, 2.427
23.656, 2.416
23.656, 2.404
23.656, 2.392
23.656, 2.38
23.676, 2.367
23.675, 2.357
23.675, 2.345
23.675, 2.333
23.675, 2.321
23.694, 2.31
23.694, 2.298
23.694, 2.286
23.694, 2.274
23.694, 2.262
23.714, 2.251
23.714, 2.238
23.714, 2.227
23.714, 2.215
23.714, 2.204
23.734, 2.192
23.734, 2.18
23.734, 2.168
23.734, 2.156
23.734, 2.145
23.754, 2.133
23.754, 2.121
23.753, 2.109
23.753, 2.098
23.753, 2.086
23.773, 2.074
23.773, 2.062
23.773, 2.05
23.773, 2.039
23.773, 2.027
23.793, 2.015
23.793, 2.003
23.792, 1.992
23.792, 1.98
23.792, 1.968
23.812, 1.956
23.812, 1.944
23.812, 1.933
23.812, 1.921
23.831, 1.909
23.831, 1.897
23.831, 1.886
23.851, 1.874
23.851, 1.862
23.871, 1.862
23.871, 1.85
23.892, 1.838
23.912, 1.827
23.912, 1.815
23.932, 1.815
23.952, 1.803
23.952, 1.791
23.972, 1.78
23.972, 1.768
23.971, 1.756
23.971, 1.744
23.971, 1.732
23.991, 1.721
23.991, 1.709
24.011, 1.697
24.031, 1.685
24.031, 1.674
24.031, 1.662
24.051, 1.65
24.051, 1.638
24.071, 1.626
24.071, 1.615
24.071, 1.603
24.091, 1.591
24.091, 1.579
24.111, 1.568
24.11, 1.556
24.11, 1.544
24.13, 1.532
24.13, 1.521
24.15, 1.509
24.15, 1.496
24.17, 1.496
24.17, 1.484
24.19, 1.472
24.19, 1.462
24.21, 1.45
24.21, 1.438
24.23, 1.438
24.25, 1.426
24.25, 1.415
24.27, 1.403
24.27, 1.391
24.29, 1.379
24.31, 1.367
24.31, 1.355
24.33, 1.343
24.33, 1.332
24.35, 1.32
24.35, 1.309
24.37, 1.297
24.37, 1.285
24.39, 1.273
24.39, 1.261
24.41, 1.25
24.43, 1.238
24.43, 1.226
24.429, 1.214
24.449, 1.203
24.449, 1.191
24.449, 1.179
24.449, 1.167
24.468, 1.155
24.468, 1.144
24.488, 1.144
24.488, 1.132
24.509, 1.12
24.509, 1.108
24.529, 1.097
24.529, 1.085
24.549, 1.073
24.569, 1.061
24.569, 1.049
24.589, 1.049
24.609, 1.038
24.609, 1.026
24.629, 1.014
24.629, 1.002
24.649, 0.991
24.649, 0.979
24.669, 0.967
24.669, 0.955
24.689, 0.943
24.689, 0.932
24.688, 0.92
24.708, 0.908
24.708, 0.896
24.729, 0.896
24.728, 0.885
24.748, 0.873
24.768, 0.861
24.768, 0.849
24.789, 0.849
24.788, 0.837
24.808, 0.826
24.827, 0.814
24.827, 0.802
24.849, 0.802
24.869, 0.79
24.867, 0.779
24.888, 0.767
24.888, 0.755
24.908, 0.742
24.929, 0.742
24.928, 0.73
24.948, 0.73
24.968, 0.72
24.988, 0.708
25.009, 0.708
25.009, 0.696
25.029, 0.696
25.049, 0.684
25.069, 0.673
25.089, 0.673
25.089, 0.661
25.109, 0.649
25.129, 0.649
25.149, 0.637
25.169, 0.625
25.189, 0.613
25.209, 0.601
25.229, 0.589
25.249, 0.577
25.27, 0.567
25.29, 0.555
25.31, 0.543
25.33, 0.531
25.35, 0.519
25.37, 0.508
25.39, 0.496
25.39, 0.484
25.41, 0.472
25.43, 0.461
25.45, 0.461
25.45, 0.449
25.47, 0.449
25.49, 0.437
25.51, 0.425
25.53, 0.413
25.55, 0.402
25.569, 0.402
25.589, 0.39
25.609, 0.378
25.631, 0.378
25.651, 0.366
25.671, 0.366
25.69, 0.355
25.71, 0.355
25.71, 0.343
25.73, 0.343
25.751, 0.331
25.771, 0.331
25.791, 0.319
25.811, 0.307
25.831, 0.307
25.851, 0.296
25.871, 0.296
25.892, 0.284
25.912, 0.284
25.912, 0.272
25.932, 0.272
25.952, 0.272
25.972, 0.272
25.992, 0.272
26.013, 0.272
26.033, 0.272
26.053, 0.272
26.073, 0.26
26.093, 0.26
26.113, 0.249
26.133, 0.237
26.153, 0.237
26.173, 0.225
26.194, 0.225
26.214, 0.225
26.234, 0.213
26.254, 0.213
26.274, 0.201
26.294, 0.201
26.314, 0.201
26.334, 0.19
26.355, 0.19
26.375, 0.19
26.395, 0.19
26.415, 0.19
26.435, 0.19
26.455, 0.178
26.475, 0.178
26.475, 0.166
26.496, 0.166
26.516, 0.166
26.536, 0.166
26.556, 0.166
26.576, 0.154
26.596, 0.154
26.616, 0.154
26.637, 0.154
26.657, 0.154
26.677, 0.143
26.697, 0.143
26.717, 0.143
26.737, 0.143
26.757, 0.131
26.778, 0.131
26.798, 0.131
26.818, 0.131
26.838, 0.131
26.858, 0.131
26.878, 0.131
26.898, 0.119
26.919, 0.119
26.939, 0.119
26.959, 0.119
26.979, 0.107
26.999, 0.107
27.019, 0.107
27.039, 0.107
27.06, 9.538e-2
27.08, 9.538e-2
27.1, 9.538e-2
27.12, 8.36e-2
27.14, 8.36e-2
27.16, 7.182e-2
27.18, 7.182e-2
27.2, 7.182e-2
27.221, 7.182e-2
27.241, 7.182e-2
27.261, 7.182e-2
27.281, 7.182e-2
27.301, 7.182e-2
27.321, 7.181e-2
27.342, 7.181e-2
27.362, 7.181e-2
27.382, 7.181e-2
27.402, 6.003e-2
27.422, 6.003e-2
27.442, 6.003e-2
27.463, 6.003e-2
27.483, 6.003e-2
27.503, 6.003e-2
27.523, 4.825e-2
27.543, 4.825e-2
27.563, 4.825e-2
27.583, 4.824e-2
27.604, 4.824e-2
27.624, 4.824e-2
27.644, 4.824e-2
27.664, 4.824e-2
27.684, 4.824e-2
27.704, 4.824e-2
27.725, 3.646e-2
27.745, 3.646e-2
27.765, 3.646e-2
27.785, 3.646e-2
27.805, 3.645e-2
27.825, 3.645e-2
27.846, 3.645e-2
27.866, 3.645e-2
27.886, 3.645e-2
27.906, 3.645e-2
27.926, 3.645e-2
27.946, 3.644e-2
27.967, 3.644e-2
27.987, 3.644e-2
28.007, 3.644e-2
28.027, 2.466e-2
28.047, 2.466e-2
28.067, 2.466e-2
28.087, 2.466e-2
28.108, 2.466e-2
28.128, 2.466e-2
28.148, 2.466e-2
28.168, 2.465e-2
28.188, 2.465e-2
28.208, 2.465e-2
28.229, 1.287e-2
28.249, 1.287e-2
28.269, 1.287e-2
28.289, 1.287e-2
28.309, 1.287e-2
28.329, 1.287e-2
28.35, 1.287e-2
28.37, 1.286e-2
28.39, 1.286e-2
28.41, 1.286e-2
28.43, 1.286e-2
28.45, 1.286e-2
28.47, 1.081e-3
28.491, 1.08e-3
28.511, 1.079e-3
28.531, 1.077e-3
28.551, 1.076e-3
28.571, 1.075e-3
28.591, 1.074e-3
28.612, 1.072e-3
28.632, 1.071e-3
28.652, -1.071e-2
28.672, -1.071e-2
28.692, -1.071e-2
28.712, -1.071e-2
28.733, -1.071e-2
28.753, -1.071e-2
28.773, -1.071e-2
28.793, -1.072e-2
28.813, -1.072e-2
28.833, -1.072e-2
28.854, -1.072e-2
28.874, -1.072e-2
28.894, -1.072e-2
28.914, -1.072e-2
28.934, -1.073e-2
28.954, -1.073e-2
28.975, -1.073e-2
28.995, -1.073e-2
29.015, -1.073e-2
29.035, -1.073e-2
29.055, -1.073e-2
29.075, -1.073e-2
29.096, -1.074e-2
29.116, -1.074e-2
29.136, -1.074e-2
29.156, -1.074e-2
29.176, -1.074e-2
29.196, -1.074e-2
29.217, -1.074e-2
29.237, -1.074e-2
29.257, -1.075e-2
29.277, -1.075e-2
29.297, -1.075e-2
29.317, -1.075e-2
29.338, -1.075e-2
29.358, -1.075e-2
29.378, -1.075e-2
29.398, -1.076e-2
29.418, -1.076e-2
29.438, -1.076e-2
29.459, -1.076e-2
29.479, -1.076e-2
29.499, -1.076e-2
29.519, -1.076e-2
29.539, -1.076e-2
29.559, -1.077e-2
29.58, -1.077e-2
29.6, -1.077e-2
29.62, -1.077e-2
29.64, -1.077e-2
29.66, -1.077e-2
29.681, -1.077e-2
29.701, -2.255e-2
29.721, -2.255e-2
29.741, -2.255e-2
29.761, -2.256e-2
29.781, -2.256e-2
29.801, -2.256e-2
29.822, -2.256e-2
29.842, -2.256e-2
29.862, -2.256e-2
29.882, -2.256e-2
29.902, -2.256e-2
29.922, -2.257e-2
29.943, -2.257e-2
29.963, -2.257e-2
29.983, -1.079e-2
30.003, -1.08e-2
30.023, -1.08e-2
30.044, -1.08e-2
30.064, -1.08e-2
30.084, -1.08e-2
30.104, 9.745e-4
30.124, 9.732e-4
30.145, 9.719e-4
30.165, 9.706e-4
30.185, 9.693e-4
30.205, 9.679e-4
30.225, 9.666e-4
30.245, 9.653e-4
30.266, 9.64e-4
30.286, 9.627e-4
30.306, 9.613e-4
30.326, 9.6e-4
30.346, 9.587e-4
30.366, 9.574e-4
30.387, 9.561e-4
30.407, 9.547e-4
30.427, 9.534e-4
30.447, 9.521e-4
30.467, 9.508e-4
30.487, 9.495e-4
30.508, 9.481e-4
30.528, 9.468e-4
30.548, 9.455e-4
30.568, 9.442e-4
30.588, 9.429e-4
30.608, 9.415e-4
30.629, 9.402e-4
30.649, 9.389e-4
30.669, 9.376e-4
30.689, 9.363e-4
30.709, 9.349e-4
30.73, 9.336e-4
30.75, 9.323e-4
30.77, 9.31e-4
30.79, 9.297e-4
30.81, 9.283e-4
30.83, 9.27e-4
30.851, 9.257e-4
30.871, 9.244e-4
30.891, 9.231e-4
30.911, -1.085e-2
30.931, -1.086e-2
30.951, -1.086e-2
30.971, -1.086e-2
30.992, -1.086e-2
31.012, -1.086e-2
31.032, -1.086e-2
31.052, -1.086e-2
31.072, -1.087e-2
31.092, -1.087e-2
31.113, -1.087e-2
31.133, -1.087e-2
31.153, -1.087e-2
31.173, -1.087e-2
31.193, -1.087e-2
31.213, -1.087e-2
31.234, -1.088e-2
31.254, -1.088e-2
31.274, -1.088e-2
31.294, -1.088e-2
31.314, -1.088e-2
31.334, -1.088e-2
31.355, -1.088e-2
31.375, -1.088e-2
31.395, -2.266e-2
31.415, -2.266e-2
31.435, -2.267e-2
31.455, -2.267e-2
31.476, -2.267e-2
31.496, -2.267e-2
31.516, -2.267e-2
31.536, -2.267e-2
31.556, -2.267e-2
31.576, -2.267e-2
31.597, -2.268e-2
31.617, -2.268e-2
31.637, -2.268e-2
31.657, -2.268e-2
31.677, -3.446e-2
31.697, -3.446e-2
31.717, -3.446e-2
31.738, -3.446e-2
31.758, -3.446e-2
31.778, -3.446e-2
31.798, -3.447e-2
31.818, -3.447e-2
31.838, -3.447e-2
31.859, -3.447e-2
31.879, -3.447e-2
31.899, -3.447e-2
31.919, -3.447e-2
31.939, -3.447e-2
31.96, -3.448e-2
31.98, -3.448e-2
32.0, -4.625e-2
32.02, -4.626e-2
32.04, -4.626e-2
32.06, -4.626e-2
32.08, -4.626e-2
32.101, -4.626e-2
32.121, -4.626e-2
32.141, -4.626e-2
32.161, -4.627e-2
32.181, -4.627e-2
32.201, -4.627e-2
32.222, -4.627e-2
32.242, -4.627e-2
32.262, -4.627e-2
32.282, -4.627e-2
32.302, -4.627e-2
32.322, -4.628e-2
32.343, -4.628e-2
32.363, -4.628e-2
32.383, -4.628e-2
32.403, -4.628e-2
32.423, -4.628e-2
32.443, -4.628e-2
32.464, -4.628e-2
32.484, -4.629e-2
32.504, -4.629e-2
32.524, -4.629e-2
32.544, -4.629e-2
32.564, -4.629e-2
32.585, -4.629e-2
32.605, -4.629e-2
32.625, -4.63e-2
32.645, -4.63e-2
32.665, -4.63e-2
32.686, -4.63e-2
32.706, -4.63e-2
32.726, -4.63e-2
32.746, -4.63e-2
32.766, -4.63e-2
32.786, -4.631e-2
32.807, -4.631e-2
32.827, -4.631e-2
32.847, -3.453e-2
32.867, -3.453e-2
32.887, -3.454e-2
32.908, -3.454e-2
32.928, -3.454e-2
32.948, -3.454e-2
32.968, -3.454e-2
32.988, -3.454e-2
33.008, -3.454e-2
33.029, -3.455e-2
33.049, -3.455e-2
33.069, -3.455e-2
33.089, -3.455e-2
33.109, -2.277e-2
33.13, -2.278e-2
33.15, -2.278e-2
33.17, -2.278e-2
33.19, -2.278e-2
33.21, -2.278e-2
33.23, -2.278e-2
33.251, -1.101e-2
33.271, -1.101e-2
33.291, -1.101e-2
33.311, -1.101e-2
33.331, -1.101e-2
33.351, -1.101e-2
33.371, 7.608e-4
33.392, 7.594e-4
33.412, 7.581e-4
33.432, 7.568e-4
33.453, 1.253e-2
33.472, 1.253e-2
33.492, 1.253e-2
33.513, 2.43e-2
33.533, 2.43e-2
33.554, 3.608e-2
33.573, 4.785e-2
33.593, 4.785e-2
33.613, 4.785e-2
33.635, 5.962e-2
33.655, 7.14e-2
33.675, 8.317e-2
33.696, 9.495e-2
33.716, 0.107
33.736, 0.117
33.736, 0.13
33.757, 0.142
33.757, 0.154
33.777, 0.166
33.797, 0.177
33.797, 0.189
33.818, 0.189
33.838, 0.201
33.838, 0.213
33.838, 0.224
33.858, 0.236
33.859, 0.248
33.859, 0.26
33.859, 0.272
33.859, 0.283
33.879, 0.295
33.879, 0.307
33.9, 0.319
33.9, 0.33
33.92, 0.342
33.92, 0.354
33.92, 0.366
33.921, 0.378
33.94, 0.389
33.94, 0.401
33.94, 0.413
33.96, 0.425
33.962, 0.436
33.962, 0.448
33.962, 0.46
33.962, 0.472
33.962, 0.484
33.982, 0.495
33.982, 0.507
34.003, 0.519
34.003, 0.531
34.003, 0.542
34.023, 0.542
34.023, 0.554
34.023, 0.565
34.024, 0.577
34.044, 0.589
34.044, 0.601
34.044, 0.613
34.044, 0.625
34.065, 0.637
34.065, 0.648
34.065, 0.66
34.085, 0.672
34.085, 0.684
34.085, 0.696
34.085, 0.706
34.086, 0.718
34.086, 0.73
34.106, 0.742
34.106, 0.754
34.106, 0.766
34.127, 0.778
34.127, 0.79
34.127, 0.801
34.147, 0.813
34.147, 0.825
34.147, 0.837
34.168, 0.849
34.168, 0.859
34.168, 0.871
34.168, 0.884
34.188, 0.896
34.189, 0.907
34.189, 0.919
34.189, 0.931
34.189, 0.943
34.189, 0.955
34.189, 0.966
34.189, 0.978
34.189, 0.99
34.21, 1.002
34.21, 1.013
34.21, 1.025
34.21, 1.037
34.21, 1.049
34.21, 1.061
34.231, 1.072
34.231, 1.084
34.231, 1.096
34.251, 1.108
34.251, 1.119
34.251, 1.131
34.252, 1.143
34.252, 1.155
34.252, 1.167
34.252, 1.178
34.272, 1.19
34.272, 1.202
34.273, 1.214
34.273, 1.225
34.273, 1.237
34.293, 1.249
34.293, 1.261
34.293, 1.273
34.294, 1.284
34.294, 1.296
34.314, 1.308
34.314, 1.32
34.314, 1.331
34.314, 1.343
34.314, 1.355
34.315, 1.367
34.315, 1.379
34.315, 1.39
34.335, 1.402
34.335, 1.414
34.335, 1.426
34.336, 1.437
34.336, 1.449
34.336, 1.461
34.355, 1.472
34.355, 1.484
34.355, 1.496
34.355, 1.508
34.357, 1.52
34.377, 1.532
34.377, 1.543
34.377, 1.555
34.377, 1.567
34.377, 1.579
34.398, 1.589
34.398, 1.601
34.398, 1.613
34.398, 1.626
34.398, 1.638
34.419, 1.649
34.419, 1.661
34.419, 1.673
34.419, 1.685
34.419, 1.696
34.419, 1.708
34.439, 1.72
34.44, 1.732
34.44, 1.744
34.44, 1.755
34.44, 1.767
34.44, 1.779
34.46, 1.791
34.461, 1.802
34.461, 1.814
34.461, 1.826
34.461, 1.838
34.48, 1.85
34.48, 1.861
34.502, 1.873
34.522, 1.885
34.522, 1.897
34.542, 1.908
34.542, 1.92
34.563, 1.932
34.563, 1.944
34.583, 1.956
34.604, 1.967
34.604, 1.979
34.604, 1.991
34.624, 2.003
34.624, 2.014
34.624, 2.026
34.645, 2.038
34.645, 2.05
34.645, 2.062
34.665, 2.073
34.665, 2.085
34.686, 2.097
34.686, 2.109
34.686, 2.12
34.706, 2.132
34.726, 2.144
34.726, 2.156
34.726, 2.168
34.746, 2.179
34.746, 2.191
34.767, 2.191
34.767, 2.203
34.788, 2.215
34.788, 2.226
34.808, 2.238
34.827, 2.25
34.829, 2.262
34.829, 2.273
34.849, 2.285
34.849, 2.297
34.849, 2.309
34.849, 2.321
34.85, 2.332
34.87, 2.343
34.87, 2.355
34.89, 2.367
34.91, 2.367
34.931, 2.379
34.951, 2.391
34.971, 2.403
34.971, 2.415
34.992, 2.427
34.992, 2.438
34.992, 2.45
35.012, 2.462
35.012, 2.474
35.013, 2.484
35.033, 2.496
35.033, 2.509
35.053, 2.521
35.074, 2.533
35.094, 2.544
35.094, 2.556
35.114, 2.568
35.114, 2.58
35.115, 2.591
35.115, 2.603
35.135, 2.615
35.135, 2.627
35.155, 2.639
35.156, 2.65
35.176, 2.662
35.196, 2.674
35.216, 2.686
35.217, 2.697
35.237, 2.709
35.237, 2.721
35.237, 2.733
35.237, 2.745
35.237, 2.756
35.258, 2.768
35.258, 2.78
35.278, 2.78
35.278, 2.792
35.298, 2.803
35.299, 2.815
35.319, 2.827
35.319, 2.839
35.339, 2.85
35.339, 2.862
35.359, 2.862
35.359, 2.874
35.38, 2.886
35.38, 2.898
35.4, 2.909
35.401, 2.921
35.421, 2.933
35.421, 2.944
35.421, 2.956
35.441, 2.968
35.442, 2.98
35.462, 2.992
35.462, 3.004
35.482, 3.015
35.482, 3.027
35.483, 3.039
35.503, 3.051
35.503, 3.062
35.523, 3.074
35.523, 3.086
35.544, 3.086
35.564, 3.098
35.564, 3.11
35.584, 3.121
35.604, 3.121
35.605, 3.133
35.625, 3.145
35.645, 3.157
35.665, 3.168
35.666, 3.18
35.686, 3.192
35.706, 3.192
35.706, 3.204
35.726, 3.216
35.746, 3.227
35.767, 3.238
35.767, 3.251
35.788, 3.263
35.808, 3.263
35.827, 3.274
35.847, 3.274
35.867, 3.274
35.889, 3.286
35.909, 3.286
35.909, 3.298
35.929, 3.298
35.948, 3.298
35.97, 3.31
35.99, 3.31
36.01, 3.31
36.03, 3.31
36.05, 3.31
36.07, 3.31
36.091, 3.321
36.111, 3.321
36.131, 3.321
36.151, 3.333
36.172, 3.333
36.192, 3.345
36.212, 3.345
36.232, 3.357
36.252, 3.357
36.273, 3.357
36.293, 3.369
36.313, 3.369
36.333, 3.369
36.353, 3.369
36.374, 3.369
36.394, 3.38
36.414, 3.38
36.434, 3.38
36.454, 3.38
36.475, 3.38
36.495, 3.38
36.515, 3.392
36.535, 3.392
36.555, 3.392
36.575, 3.38
36.596, 3.38
36.596, 3.369
36.616, 3.369
36.636, 3.357
36.656, 3.345
36.676, 3.333
36.696, 3.321
36.716, 3.321
36.736, 3.31
36.756, 3.298
36.756, 3.31
36.777, 3.321
36.777, 3.333
36.797, 3.345
36.797, 3.357
36.797, 3.369
36.817, 3.369
36.818, 3.38
36.838, 3.392
36.838, 3.404
36.838, 3.416
36.858, 3.427
36.859, 3.439
36.879, 3.451
36.879, 3.463
36.879, 3.475
36.899, 3.486
36.899, 3.498
36.92, 3.498
36.92, 3.51
36.92, 3.522
36.94, 3.533
36.94, 3.545
36.96, 3.557
36.96, 3.569
36.96, 3.581
36.98, 3.592
36.98, 3.604
36.98, 3.616
37.002, 3.628
37.022, 3.639
37.022, 3.651
37.022, 3.663
37.043, 3.675
37.043, 3.686
37.063, 3.698
37.063, 3.71
37.063, 3.722
37.084, 3.734
37.084, 3.745
37.104, 3.757
37.104, 3.769
37.124, 3.781
37.125, 3.792
37.145, 3.804
37.145, 3.815
37.145, 3.827
37.165, 3.839
37.166, 3.851
37.186, 3.863
37.186, 3.875
37.186, 3.887
37.206, 3.887
37.206, 3.898
37.227, 3.91
37.227, 3.922
37.227, 3.934
37.246, 3.946
37.246, 3.956
37.268, 3.968
37.268, 3.98
37.268, 3.992
37.288, 4.004
37.288, 4.016
37.309, 4.028
37.309, 4.04
37.329, 4.052
37.329, 4.063
37.35, 4.075
37.35, 4.087
37.35, 4.099
37.37, 4.11
37.37, 4.121
37.391, 4.134
37.391, 4.146
37.391, 4.158
37.411, 4.158
37.411, 4.169
37.431, 4.181
37.432, 4.193
37.432, 4.205
37.452, 4.216
37.452, 4.228
37.452, 4.24
37.472, 4.252
37.472, 4.263
37.492, 4.275
37.492, 4.287
37.513, 4.299
37.513, 4.311
37.534, 4.322
37.534, 4.334
37.534, 4.322
37.534, 4.311
37.534, 4.299
37.533, 4.287
37.533, 4.275
37.533, 4.263
37.553, 4.252
37.553, 4.24
37.573, 4.228
37.593, 4.216
37.593, 4.205
37.613, 4.193
37.613, 4.181
37.633, 4.169
37.633, 4.157
37.653, 4.157
37.653, 4.146
37.673, 4.134
37.673, 4.121
37.693, 4.11
37.693, 4.099
37.713, 4.087
37.733, 4.075
37.733, 4.063
37.753, 4.052
37.753, 4.04
37.773, 4.028
37.772, 4.016
37.793, 4.016
37.793, 4.004
37.813, 3.992
37.833, 3.98
37.831, 3.968
37.853, 3.956
37.851, 3.946
37.873, 3.946
37.871, 3.934
37.892, 3.922
37.892, 3.91
37.912, 3.898
37.912, 3.887
37.932, 3.887
37.932, 3.875
37.952, 3.863
37.952, 3.851
37.972, 3.839
37.972, 3.827
37.992, 3.815
38.012, 3.804
38.012, 3.792
38.032, 3.781
38.032, 3.769
38.052, 3.757
38.052, 3.745
38.072, 3.745
38.072, 3.734
38.092, 3.722
38.112, 3.71
38.112, 3.698
38.132, 3.686
38.132, 3.675
38.152, 3.675
38.152, 3.663
38.172, 3.651
38.172, 3.639
38.192, 3.628
38.192, 3.616
38.212, 3.604
38.232, 3.592
38.232, 3.58
38.252, 3.569
38.252, 3.557
38.272, 3.545
38.271, 3.533
38.292, 3.533
38.292, 3.522
38.312, 3.51
38.311, 3.498
38.331, 3.486
38.331, 3.474
38.311, 3.463
38.311, 3.451
38.311, 3.439
38.311, 3.427
38.29, 3.416
38.29, 3.404
38.29, 3.392
38.27, 3.38
38.27, 3.367
38.27, 3.357
38.249, 3.357
38.249, 3.345
38.249, 3.333
38.249, 3.321
38.249, 3.31
38.249, 3.298
38.249, 3.286
38.269, 3.274
38.268, 3.262
38.289, 3.251
38.288, 3.238
38.288, 3.227
38.288, 3.215
38.288, 3.204
38.308, 3.192
38.308, 3.18
38.308, 3.168
38.308, 3.156
38.308, 3.145
38.307, 3.133
38.307, 3.121
38.307, 3.109
38.307, 3.098
38.327, 3.086
38.327, 3.074
38.327, 3.062
38.327, 3.05
38.327, 3.039
38.347, 3.027
38.346, 3.015
38.367, 3.003
38.366, 2.992
38.386, 2.98
38.386, 2.968
38.386, 2.956
38.386, 2.944
38.386, 2.933
38.406, 2.921
38.406, 2.909
38.406, 2.897
38.406, 2.886
38.405, 2.874
38.405, 2.862
38.405, 2.85
38.425, 2.839
38.425, 2.827
38.425, 2.815
38.425, 2.803
38.445, 2.791
38.445, 2.78
38.445, 2.768
38.444, 2.756
38.444, 2.744
38.444, 2.733
38.444, 2.721
38.464, 2.709
38.464, 2.697
38.484, 2.685
38.484, 2.674
38.484, 2.662
38.504, 2.65
38.504, 2.638
38.504, 2.627
38.503, 2.615
38.524, 2.603
38.523, 2.591
38.523, 2.579
38.523, 2.568
38.523, 2.556
38.523, 2.544
38.523, 2.532
38.543, 2.521
38.543, 2.509
38.543, 2.496
38.542, 2.484
38.542, 2.472
38.562, 2.462
38.562, 2.45
38.581, 2.438
38.581, 2.426
38.581, 2.415
38.601, 2.403
38.601, 2.391
38.601, 2.379
38.621, 2.367
38.621, 2.355
38.621, 2.343
38.621, 2.332
38.641, 2.32
38.641, 2.309
38.641, 2.297
38.641, 2.285
38.661, 2.273
38.661, 2.261
38.661, 2.25
38.661, 2.238
38.661, 2.226
38.681, 2.214
38.68, 2.203
38.68, 2.191
38.7, 2.179
38.7, 2.167
38.7, 2.155
38.7, 2.144
38.7, 2.132
38.7, 2.12
38.72, 2.108
38.72, 2.097
38.72, 2.085
38.718, 2.073
38.738, 2.061
38.738, 2.049
38.738, 2.038
38.759, 2.026
38.759, 2.014
38.759, 2.002
38.779, 1.991
38.779, 1.979
38.779, 1.967
38.799, 1.955
38.799, 1.943
38.819, 1.932
38.819, 1.92
38.818, 1.908
38.818, 1.896
38.838, 1.885
38.838, 1.873
38.858, 1.873
38.858, 1.861
38.878, 1.849
38.878, 1.837
38.878, 1.826
38.878, 1.814
38.898, 1.802
38.898, 1.79
38.898, 1.779
38.918, 1.767
38.918, 1.755
38.938, 1.742
38.938, 1.732
38.937, 1.72
38.937, 1.708
38.937, 1.696
38.956, 1.684
38.976, 1.673
38.996, 1.661
38.996, 1.649
38.996, 1.637
39.017, 1.626
39.017, 1.613
39.017, 1.601
39.037, 1.589
39.037, 1.577
39.037, 1.567
39.057, 1.555
39.057, 1.543
39.077, 1.531
39.076, 1.52
39.096, 1.508
39.096, 1.496
39.116, 1.484
39.116, 1.472
39.116, 1.461
39.136, 1.449
39.136, 1.437
39.156, 1.425
39.156, 1.414
39.176, 1.402
39.176, 1.39
39.196, 1.378
39.196, 1.366
39.216, 1.366
39.216, 1.355
39.216, 1.343
39.236, 1.331
39.236, 1.319
39.256, 1.308
39.256, 1.296
39.255, 1.284
39.275, 1.272
39.295, 1.26
39.316, 1.249
39.336, 1.237
39.335, 1.225
39.355, 1.225
39.376, 1.213
39.376, 1.202
39.396, 1.19
39.416, 1.19
39.416, 1.178
39.436, 1.166
39.456, 1.154
39.476, 1.143
39.496, 1.131
39.496, 1.119
39.516, 1.119
39.536, 1.107
39.536, 1.096
39.556, 1.084
39.576, 1.084
39.576, 1.072
39.596, 1.06
39.616, 1.048
39.636, 1.037
39.656, 1.025
39.656, 1.013
39.676, 1.013
39.696, 1.001
39.696, 0.99
39.716, 0.978
39.736, 0.978
39.736, 0.966
39.756, 0.954
39.776, 0.942
39.796, 0.931
39.815, 0.919
39.835, 0.907
39.855, 0.895
39.855, 0.884
39.876, 0.884
39.896, 0.871
39.896, 0.859
39.916, 0.847
39.936, 0.847
39.936, 0.835
39.956, 0.825
39.976, 0.813
39.996, 0.801
40.016, 0.789
40.016, 0.778
40.037, 0.778
40.057, 0.766
40.056, 0.754
40.076, 0.742
40.097, 0.742
40.097, 0.73
40.117, 0.718
40.137, 0.706
40.157, 0.694
40.177, 0.683
40.177, 0.672
40.197, 0.672
40.217, 0.66
40.217, 0.648
40.237, 0.636
40.257, 0.636
40.277, 0.624
40.277, 0.613
40.297, 0.613
40.317, 0.601
40.317, 0.589
40.337, 0.577
40.357, 0.577
40.357, 0.565
40.377, 0.554
40.397, 0.542
40.417, 0.53
40.437, 0.518
40.437, 0.507
40.457, 0.507
40.476, 0.495
40.476, 0.483
40.496, 0.471
40.517, 0.471
40.517, 0.46
40.537, 0.448
40.557, 0.436
40.577, 0.424
40.597, 0.412
40.597, 0.401
40.617, 0.401
40.637, 0.389
40.637, 0.377
40.657, 0.365
40.677, 0.365
40.677, 0.354
40.697, 0.342
40.717, 0.33
40.738, 0.33
40.758, 0.318
40.778, 0.318
40.798, 0.306
40.818, 0.306
40.838, 0.306
40.858, 0.295
40.878, 0.295
40.899, 0.295
40.919, 0.295
40.939, 0.295
40.959, 0.283
40.979, 0.283
40.999, 0.283
41.019, 0.283
41.039, 0.271
41.06, 0.271
41.08, 0.271
41.1, 0.271
41.12, 0.271
41.14, 0.259
41.16, 0.259
41.181, 0.259
41.201, 0.259
41.221, 0.259
41.221, 0.248
41.241, 0.248
41.261, 0.248
41.281, 0.248
41.301, 0.236
41.321, 0.236
41.342, 0.236
41.362, 0.236
41.382, 0.236
41.402, 0.224
41.422, 0.224
41.442, 0.224
41.463, 0.224
41.483, 0.224
41.503, 0.212
41.523, 0.212
41.543, 0.212
41.563, 0.212
41.583, 0.2
41.603, 0.2
41.624, 0.2
41.644, 0.2
41.664, 0.2
41.684, 0.189
41.704, 0.189
41.724, 0.189
41.745, 0.189
41.765, 0.189
41.785, 0.177
41.805, 0.177
41.825, 0.177
41.845, 0.177
41.865, 0.165
41.885, 0.165
41.906, 0.165
41.926, 0.165
41.946, 0.165
41.966, 0.153
41.986, 0.153
42.006, 0.153
42.027, 0.153
42.047, 0.153
42.067, 0.142
42.087, 0.142
42.107, 0.142
42.127, 0.13
42.147, 0.13
42.167, 0.13
42.188, 0.13
42.208, 0.13
42.228, 0.117
42.248, 0.117
42.268, 0.117
42.288, 0.117
42.309, 0.117
42.329, 0.106
42.349, 0.106
42.369, 0.106
42.389, 0.106
42.409, 9.438e-2
42.429, 9.438e-2
42.449, 9.438e-2
42.47, 9.438e-2
42.49, 9.437e-2
42.51, 8.26e-2
42.53, 8.26e-2
42.55, 8.259e-2
42.569, 8.259e-2
42.591, 8.259e-2
42.611, 7.081e-2
42.631, 7.081e-2
42.651, 7.081e-2
42.671, 7.081e-2
42.69, 5.903e-2
42.71, 5.903e-2
42.73, 5.903e-2
42.752, 5.903e-2
42.772, 5.903e-2
42.792, 4.725e-2
42.812, 4.725e-2
42.831, 4.725e-2
42.851, 4.725e-2
42.873, 4.724e-2
42.893, 3.547e-2
42.913, 3.547e-2
42.933, 3.546e-2
42.952, 2.369e-2
42.972, 2.369e-2
42.992, 2.368e-2
43.013, 2.368e-2
43.034, 2.368e-2
43.054, 1.19e-2
43.074, 1.19e-2
43.094, 1.19e-2
43.114, 1.19e-2
43.134, 1.19e-2
43.154, 1.207e-4
43.175, 1.194e-4
43.195, 1.181e-4
43.215, 1.168e-4
43.234, 1.155e-4
43.255, -1.166e-2
43.275, -1.166e-2
43.295, -1.166e-2
43.316, -1.167e-2
43.336, -2.344e-2
43.355, -2.344e-2
43.376, -2.345e-2
43.396, -2.345e-2
43.416, -2.345e-2
43.437, -1.167e-2
43.457, -1.168e-2
43.476, -1.168e-2
43.496, -1.168e-2
43.517, 9.699e-5
43.538, 9.567e-5
43.558, 9.435e-5
43.577, 9.303e-5
43.597, 9.171e-5
43.617, 1.187e-2
43.639, 1.187e-2
43.659, 1.186e-2
43.679, 1.186e-2
43.698, 1.186e-2
43.718, 1.186e-2
43.738, 1.186e-2
43.76, 1.186e-2
43.78, 1.186e-2
43.8, 1.185e-2
43.819, 1.185e-2
43.839, 1.185e-2
43.861, 1.185e-2
43.881, 1.185e-2
43.901, 1.185e-2
43.921, 1.185e-2
43.94, 1.185e-2
43.96, 1.184e-2
43.982, 1.184e-2
44.002, 1.184e-2
44.022, 1.184e-2
44.042, 1.184e-2
44.062, 1.184e-2
44.082, 1.184e-2
44.103, 1.183e-2
44.123, 1.183e-2
44.143, 1.183e-2
44.163, 1.183e-2
44.183, 1.183e-2
44.203, 1.183e-2
44.224, 1.183e-2
44.244, 1.183e-2
44.264, 1.182e-2
44.284, 1.182e-2
44.304, 1.182e-2
44.324, 1.182e-2
44.345, 1.182e-2
44.365, 1.182e-2
44.385, 1.182e-2
44.405, 1.182e-2
44.425, 1.181e-2
44.445, 1.181e-2
44.466, 1.181e-2
44.486, 1.181e-2
44.506, 3.233e-5
44.526, 3.101e-5
44.546, 2.969e-5
44.565, 2.837e-5
44.587, 2.705e-5
44.607, 2.573e-5
44.627, 2.441e-5
44.647, 2.309e-5
44.667, 2.177e-5
44.687, 2.045e-5
44.708, 1.913e-5
44.728, 1.781e-5
44.748, 1.65e-5
44.768, 1.518e-5
44.788, 1.386e-5
44.808, 1.254e-5
44.829, 1.122e-5
44.849, 9.897e-6
44.869, 8.577e-6
44.889, 7.258e-6
44.909, 5.938e-6
44.929, 4.619e-6
44.95, 1.178e-2
