-3.283e-2, 0.333
-8.774e-3, 0.333
1.528e-2, 0.333
3.925e-2, 0.325
6.33e-2, 0.325
8.735e-2, 0.325
0.111, 0.325
0.135, 0.316
0.159, 0.316
0.183, 0.316
0.208, 0.316
0.232, 0.316
0.256, 0.316
0.28, 0.308
0.304, 0.308
0.328, 0.308
0.351, 0.3
0.376, 0.3
0.376, 0.291
0.4, 0.291
0.424, 0.291
0.448, 0.283
0.472, 0.283
0.496, 0.283
0.52, 0.275
0.544, 0.275
0.568, 0.275
0.592, 0.275
0.616, 0.275
0.64, 0.275
0.664, 0.267
0.688, 0.267
0.712, 0.267
0.736, 0.267
0.76, 0.267
0.784, 0.258
0.808, 0.258
0.831, 0.258
0.855, 0.258
0.88, 0.258
0.904, 0.258
0.928, 0.258
0.952, 0.258
0.976, 0.258
1.001, 0.258
1.025, 0.258
1.049, 0.258
1.073, 0.258
1.097, 0.258
1.121, 0.258
1.145, 0.258
1.169, 0.258
1.193, 0.258
1.217, 0.267
1.241, 0.267
1.265, 0.267
1.289, 0.275
1.313, 0.275
1.338, 0.275
1.362, 0.283
1.386, 0.283
1.41, 0.291
1.434, 0.291
1.458, 0.3
1.482, 0.3
1.506, 0.308
1.53, 0.308
1.554, 0.316
1.577, 0.316
1.603, 0.324
1.627, 0.324
1.651, 0.324
1.675, 0.324
1.698, 0.333
1.722, 0.333
1.746, 0.333
1.771, 0.333
1.795, 0.333
1.819, 0.333
1.843, 0.333
1.867, 0.333
1.891, 0.341
1.915, 0.341
1.939, 0.341
1.964, 0.341
1.988, 0.349
2.012, 0.349
2.036, 0.349
2.06, 0.349
2.084, 0.349
2.108, 0.349
2.132, 0.349
2.156, 0.349
2.18, 0.349
2.204, 0.349
2.228, 0.349
2.252, 0.349
2.276, 0.349
2.3, 0.349
2.324, 0.341
2.347, 0.333
2.371, 0.333
2.396, 0.324
2.42, 0.316
2.444, 0.308
2.468, 0.308
2.492, 0.3
2.516, 0.291
2.54, 0.283
2.564, 0.283
2.588, 0.275
2.612, 0.275
2.636, 0.275
2.66, 0.267
2.684, 0.267
2.708, 0.258
2.732, 0.258
2.756, 0.25
2.78, 0.25
2.804, 0.242
2.827, 0.242
2.851, 0.233
2.876, 0.233
2.9, 0.233
2.925, 0.233
2.948, 0.233
2.972, 0.225
2.996, 0.225
3.021, 0.225
3.045, 0.225
3.069, 0.225
3.093, 0.225
3.117, 0.225
3.141, 0.225
3.165, 0.225
3.189, 0.217
3.213, 0.217
3.237, 0.217
3.261, 0.217
3.285, 0.217
3.309, 0.209
3.333, 0.209
3.357, 0.209
3.381, 0.209
3.405, 0.209
3.429, 0.209
3.453, 0.2
3.476, 0.2
3.501, 0.2
3.525, 0.2
3.55, 0.2
3.573, 0.2
3.597, 0.2
3.621, 0.192
3.646, 0.192
3.67, 0.192
3.694, 0.192
3.718, 0.192
3.742, 0.192
3.766, 0.192
3.79, 0.192
3.814, 0.2
3.838, 0.2
3.862, 0.209
3.886, 0.209
3.91, 0.209
3.935, 0.217
3.959, 0.217
3.983, 0.225
4.007, 0.225
4.031, 0.233
4.055, 0.233
4.079, 0.233
4.103, 0.242
4.127, 0.242
4.151, 0.242
4.175, 0.25
4.199, 0.25
4.224, 0.258
4.248, 0.258
4.272, 0.258
4.296, 0.266
4.32, 0.266
4.343, 0.275
4.367, 0.275
4.392, 0.275
4.416, 0.283
4.44, 0.283
4.464, 0.291
4.488, 0.291
4.512, 0.291
4.537, 0.3
4.561, 0.3
4.585, 0.3
4.609, 0.308
4.633, 0.308
4.657, 0.316
4.681, 0.316
4.705, 0.324
4.729, 0.324
4.753, 0.324
4.777, 0.333
4.801, 0.333
4.826, 0.333
4.85, 0.341
4.874, 0.341
4.898, 0.341
4.922, 0.349
4.946, 0.349
4.97, 0.357
4.994, 0.357
5.018, 0.366
5.042, 0.366
5.066, 0.366
5.091, 0.374
5.115, 0.374
5.139, 0.374
5.163, 0.382
5.187, 0.382
5.211, 0.39
5.234, 0.39
5.259, 0.39
5.283, 0.399
5.307, 0.399
5.331, 0.407
5.355, 0.407
5.379, 0.407
5.404, 0.415
5.428, 0.415
5.452, 0.424
5.476, 0.424
5.5, 0.424
5.524, 0.432
5.548, 0.432
5.572, 0.432
5.596, 0.44
5.62, 0.44
5.644, 0.448
5.668, 0.448
5.693, 0.457
5.717, 0.457
5.741, 0.457
5.765, 0.465
5.789, 0.465
5.813, 0.472
5.813, 0.48
5.837, 0.48
5.837, 0.49
5.861, 0.498
5.861, 0.506
5.886, 0.514
5.91, 0.523
5.91, 0.531
5.934, 0.539
5.934, 0.548
5.958, 0.556
5.958, 0.564
5.958, 0.572
5.958, 0.581
5.982, 0.581
5.983, 0.589
5.983, 0.597
5.983, 0.605
5.983, 0.613
6.007, 0.621
6.007, 0.63
6.007, 0.638
6.031, 0.647
6.031, 0.655
6.031, 0.663
6.031, 0.672
6.056, 0.68
6.056, 0.688
6.056, 0.696
6.08, 0.705
6.08, 0.713
6.08, 0.721
6.08, 0.729
6.104, 0.738
6.104, 0.746
6.104, 0.754
6.129, 0.763
6.129, 0.771
6.129, 0.779
6.153, 0.787
6.153, 0.796
6.153, 0.804
6.153, 0.812
6.177, 0.819
6.177, 0.829
6.177, 0.837
6.201, 0.845
6.202, 0.853
6.202, 0.862
6.202, 0.87
6.226, 0.878
6.226, 0.887
6.25, 0.895
6.25, 0.903
6.25, 0.911
6.274, 0.92
6.274, 0.928
6.275, 0.936
6.299, 0.944
6.299, 0.952
6.299, 0.96
6.323, 0.968
6.347, 0.976
6.347, 0.986
6.371, 0.994
6.371, 1.002
6.395, 1.002
6.395, 1.011
6.42, 1.019
6.42, 1.027
6.444, 1.035
6.444, 1.044
6.468, 1.044
6.492, 1.052
6.492, 1.06
6.516, 1.068
6.516, 1.077
6.541, 1.085
6.565, 1.093
6.565, 1.102
6.565, 1.11
6.565, 1.117
6.565, 1.126
6.565, 1.135
6.565, 1.143
6.565, 1.135
6.589, 1.126
6.589, 1.117
6.613, 1.11
6.613, 1.102
6.613, 1.093
6.637, 1.093
6.637, 1.085
6.661, 1.085
6.685, 1.085
6.709, 1.077
6.733, 1.077
6.757, 1.077
6.733, 1.077
6.709, 1.085
6.685, 1.085
6.661, 1.093
6.637, 1.093
6.613, 1.093
6.613, 1.102
6.589, 1.102
6.589, 1.093
6.589, 1.085
6.613, 1.085
6.613, 1.077
6.637, 1.077
6.661, 1.077
6.685, 1.077
6.685, 1.068
6.709, 1.068
6.733, 1.068
6.757, 1.068
6.781, 1.06
6.805, 1.06
6.829, 1.06
6.829, 1.052
6.853, 1.044
6.877, 1.035
6.877, 1.027
6.877, 1.019
6.901, 1.011
6.925, 1.002
6.924, 0.994
6.948, 0.986
6.948, 0.976
6.972, 0.976
6.972, 0.968
6.972, 0.96
6.996, 0.952
7.02, 0.944
7.02, 0.936
7.044, 0.936
7.044, 0.928
7.044, 0.92
7.068, 0.911
7.068, 0.903
7.092, 0.895
7.116, 0.886
7.14, 0.878
7.14, 0.87
7.164, 0.862
7.164, 0.853
7.188, 0.845
7.212, 0.837
7.236, 0.829
7.234, 0.819
7.259, 0.812
7.283, 0.804
7.283, 0.796
7.307, 0.787
7.331, 0.779
7.355, 0.771
7.379, 0.762
7.403, 0.754
7.427, 0.746
7.451, 0.738
7.475, 0.729
7.499, 0.721
7.523, 0.713
7.547, 0.705
7.571, 0.696
7.595, 0.688
7.619, 0.68
7.643, 0.671
7.667, 0.671
7.69, 0.663
7.714, 0.655
7.738, 0.655
7.738, 0.647
7.763, 0.647
7.763, 0.638
7.787, 0.638
7.787, 0.63
7.811, 0.621
7.835, 0.613
7.859, 0.605
7.883, 0.605
7.907, 0.597
7.931, 0.589
7.955, 0.581
7.979, 0.581
8.003, 0.572
8.003, 0.564
8.002, 0.556
8.026, 0.547
8.05, 0.539
8.074, 0.531
8.098, 0.523
8.121, 0.514
8.146, 0.514
8.17, 0.514
8.194, 0.506
8.218, 0.506
8.242, 0.498
8.266, 0.49
8.29, 0.48
8.314, 0.472
8.338, 0.465
8.362, 0.456
8.386, 0.448
8.41, 0.448
8.41, 0.44
8.434, 0.432
8.458, 0.432
8.482, 0.423
8.482, 0.415
8.506, 0.415
8.53, 0.407
8.554, 0.399
8.577, 0.39
8.601, 0.39
8.626, 0.382
8.65, 0.382
8.674, 0.382
8.698, 0.382
8.698, 0.374
8.722, 0.374
8.746, 0.374
8.77, 0.365
8.794, 0.365
8.818, 0.365
8.842, 0.365
8.866, 0.365
8.891, 0.365
8.915, 0.357
8.939, 0.357
8.963, 0.357
8.987, 0.357
9.011, 0.357
9.035, 0.357
9.059, 0.349
9.083, 0.349
9.107, 0.349
9.131, 0.349
9.155, 0.349
9.179, 0.349
9.203, 0.341
9.227, 0.341
9.251, 0.341
9.275, 0.341
9.299, 0.341
9.323, 0.341
9.347, 0.332
9.371, 0.332
9.395, 0.332
9.419, 0.332
9.443, 0.332
9.467, 0.332
9.491, 0.324
9.515, 0.324
9.54, 0.324
9.564, 0.324
9.588, 0.324
9.612, 0.324
9.636, 0.316
9.66, 0.316
9.684, 0.316
9.708, 0.316
9.732, 0.316
9.756, 0.308
9.78, 0.308
9.804, 0.308
9.827, 0.308
9.851, 0.308
9.876, 0.308
9.9, 0.299
9.924, 0.299
9.948, 0.299
9.972, 0.299
9.996, 0.299
10.02, 0.299
10.044, 0.291
10.068, 0.291
10.092, 0.291
10.116, 0.291
10.14, 0.291
10.165, 0.291
10.188, 0.283
10.213, 0.283
10.237, 0.283
10.261, 0.283
10.285, 0.283
10.309, 0.283
10.333, 0.274
10.357, 0.274
10.381, 0.274
10.405, 0.274
10.429, 0.274
10.453, 0.274
10.476, 0.266
10.501, 0.266
10.525, 0.266
10.549, 0.266
10.549, 0.258
10.525, 0.25
10.525, 0.241
10.525, 0.233
10.501, 0.225
10.501, 0.217
10.525, 0.225
10.549, 0.225
10.549, 0.233
10.573, 0.233
10.597, 0.241
10.621, 0.25
10.645, 0.25
10.645, 0.258
10.669, 0.266
10.693, 0.266
10.718, 0.274
10.742, 0.283
10.766, 0.291
10.79, 0.291
10.814, 0.299
10.838, 0.308
10.862, 0.316
10.886, 0.316
10.91, 0.324
10.911, 0.332
10.935, 0.332
10.959, 0.341
10.983, 0.341
10.983, 0.349
11.007, 0.357
11.031, 0.357
11.055, 0.365
11.079, 0.365
11.079, 0.374
11.103, 0.382
11.127, 0.382
11.152, 0.39
11.176, 0.398
11.2, 0.407
11.224, 0.407
11.248, 0.415
11.272, 0.423
11.296, 0.432
11.32, 0.44
11.343, 0.44
11.345, 0.448
11.369, 0.448
11.393, 0.456
11.417, 0.465
11.441, 0.465
11.441, 0.472
11.465, 0.472
11.488, 0.48
11.513, 0.488
11.537, 0.488
11.537, 0.498
11.562, 0.506
11.585, 0.506
11.609, 0.514
11.634, 0.514
11.658, 0.522
11.682, 0.522
11.706, 0.522
11.73, 0.531
11.754, 0.531
11.754, 0.539
11.778, 0.539
11.802, 0.539
11.827, 0.547
11.851, 0.547
11.875, 0.547
11.899, 0.547
11.923, 0.547
11.947, 0.547
11.947, 0.556
11.971, 0.564
11.995, 0.564
12.019, 0.564
12.019, 0.572
12.043, 0.58
12.067, 0.58
12.092, 0.589
12.116, 0.597
12.116, 0.605
12.14, 0.613
12.14, 0.621
12.14, 0.63
12.164, 0.638
12.164, 0.646
12.164, 0.655
12.188, 0.663
12.189, 0.671
12.189, 0.68
12.213, 0.688
12.213, 0.696
12.213, 0.704
12.237, 0.713
12.237, 0.721
12.261, 0.729
12.261, 0.737
12.285, 0.737
12.285, 0.746
12.31, 0.754
12.334, 0.762
12.334, 0.77
12.358, 0.77
12.358, 0.779
12.382, 0.787
12.406, 0.795
12.406, 0.804
12.43, 0.804
12.43, 0.812
12.455, 0.819
12.479, 0.819
12.503, 0.827
12.527, 0.827
12.551, 0.827
12.575, 0.827
12.599, 0.827
12.623, 0.827
12.647, 0.827
12.671, 0.819
12.694, 0.819
12.718, 0.819
12.742, 0.819
12.767, 0.812
12.791, 0.812
12.815, 0.812
12.839, 0.812
12.863, 0.804
12.887, 0.804
12.911, 0.804
12.935, 0.804
12.959, 0.795
12.983, 0.795
13.008, 0.795
13.008, 0.804
13.008, 0.812
13.008, 0.819
13.032, 0.827
13.032, 0.837
13.032, 0.845
13.032, 0.853
13.032, 0.861
13.032, 0.87
13.032, 0.878
13.032, 0.886
13.057, 0.894
13.057, 0.903
13.057, 0.911
13.057, 0.919
13.057, 0.928
13.057, 0.936
13.057, 0.944
13.057, 0.952
13.081, 0.96
13.081, 0.968
13.081, 0.976
13.082, 0.984
13.082, 0.994
13.082, 1.002
13.082, 1.01
13.106, 1.019
13.106, 1.027
13.106, 1.035
13.106, 1.043
13.106, 1.052
13.106, 1.06
13.106, 1.068
13.106, 1.076
13.131, 1.085
13.131, 1.093
13.131, 1.101
13.131, 1.109
13.131, 1.117
13.131, 1.126
13.131, 1.134
13.155, 1.143
13.155, 1.151
13.155, 1.159
13.155, 1.167
13.156, 1.176
13.156, 1.184
13.156, 1.192
13.156, 1.2
13.18, 1.209
13.18, 1.217
13.18, 1.225
13.18, 1.234
13.18, 1.242
13.18, 1.25
13.18, 1.258
13.18, 1.267
13.205, 1.267
13.205, 1.275
13.205, 1.283
13.205, 1.291
13.205, 1.3
13.205, 1.308
13.205, 1.316
13.229, 1.324
13.229, 1.333
13.229, 1.341
13.229, 1.349
13.229, 1.358
13.23, 1.366
13.23, 1.374
13.23, 1.382
13.254, 1.391
13.254, 1.399
13.254, 1.407
13.254, 1.415
13.254, 1.424
13.254, 1.432
13.254, 1.44
13.278, 1.448
13.279, 1.457
13.279, 1.465
13.279, 1.472
13.279, 1.482
13.279, 1.49
13.279, 1.498
13.279, 1.506
13.303, 1.515
13.303, 1.523
13.303, 1.531
13.303, 1.539
13.303, 1.548
13.304, 1.556
13.304, 1.564
13.304, 1.573
13.328, 1.581
13.328, 1.589
13.328, 1.597
13.328, 1.605
13.328, 1.613
13.328, 1.621
13.328, 1.63
13.351, 1.639
13.353, 1.647
13.353, 1.655
13.353, 1.663
13.353, 1.672
13.353, 1.68
13.353, 1.688
13.353, 1.697
13.377, 1.705
13.377, 1.713
13.377, 1.721
13.377, 1.73
13.377, 1.738
13.378, 1.746
13.378, 1.754
13.402, 1.763
13.402, 1.771
13.402, 1.779
13.402, 1.787
13.402, 1.796
13.402, 1.804
13.402, 1.812
13.402, 1.821
13.426, 1.829
13.427, 1.837
13.427, 1.845
13.427, 1.854
13.427, 1.862
13.427, 1.87
13.427, 1.878
13.427, 1.887
13.451, 1.895
13.451, 1.903
13.451, 1.912
13.451, 1.92
13.451, 1.928
13.452, 1.936
13.452, 1.944
13.476, 1.952
13.476, 1.96
13.476, 1.968
13.476, 1.978
13.476, 1.986
13.476, 1.994
13.476, 2.002
13.476, 2.011
13.5, 2.019
13.501, 2.027
13.501, 2.036
13.501, 2.044
13.501, 2.052
13.501, 2.06
13.501, 2.069
13.501, 2.077
13.525, 2.085
13.525, 2.093
13.525, 2.102
13.525, 2.11
13.526, 2.117
13.526, 2.127
13.526, 2.135
13.55, 2.143
13.55, 2.151
13.55, 2.16
13.55, 2.168
13.55, 2.176
13.55, 2.184
13.55, 2.193
13.55, 2.201
13.55, 2.209
13.551, 2.217
13.551, 2.226
13.551, 2.234
13.551, 2.242
13.551, 2.251
13.551, 2.259
13.551, 2.267
13.551, 2.275
13.551, 2.284
13.551, 2.292
13.551, 2.3
13.551, 2.308
13.551, 2.317
13.552, 2.325
13.576, 2.333
13.576, 2.341
13.576, 2.35
13.576, 2.358
13.576, 2.366
13.576, 2.375
13.576, 2.383
13.576, 2.391
13.576, 2.399
13.576, 2.408
13.577, 2.416
13.577, 2.424
13.577, 2.432
13.601, 2.441
13.601, 2.449
13.601, 2.457
13.601, 2.466
13.601, 2.474
13.601, 2.482
13.601, 2.49
13.601, 2.499
13.601, 2.507
13.601, 2.515
13.601, 2.523
13.626, 2.532
13.626, 2.54
13.626, 2.548
13.626, 2.556
13.626, 2.565
13.626, 2.573
13.626, 2.581
13.626, 2.589
13.626, 2.597
13.626, 2.605
13.627, 2.613
13.627, 2.623
13.627, 2.631
13.627, 2.639
13.627, 2.647
13.627, 2.656
13.627, 2.664
13.627, 2.672
13.651, 2.681
13.651, 2.689
13.651, 2.697
13.652, 2.705
13.652, 2.714
13.652, 2.722
13.652, 2.73
13.652, 2.738
13.652, 2.746
13.652, 2.755
13.652, 2.763
13.652, 2.771
13.652, 2.78
13.652, 2.788
13.676, 2.796
13.677, 2.805
13.677, 2.813
13.677, 2.821
13.677, 2.829
13.677, 2.838
13.677, 2.846
13.677, 2.854
13.677, 2.862
13.677, 2.871
13.677, 2.879
13.677, 2.887
13.677, 2.895
13.677, 2.904
13.678, 2.912
13.702, 2.92
13.702, 2.929
13.702, 2.937
13.702, 2.944
13.702, 2.952
13.702, 2.962
13.702, 2.97
13.702, 2.978
13.702, 2.986
13.702, 2.995
13.702, 3.003
13.702, 3.011
13.702, 3.02
13.702, 3.028
13.726, 3.036
13.726, 3.044
13.726, 3.053
13.726, 3.061
13.726, 3.069
13.726, 3.077
13.726, 3.086
13.726, 3.094
13.728, 3.102
13.728, 3.11
13.728, 3.119
13.728, 3.127
13.728, 3.135
13.728, 3.144
13.728, 3.152
13.728, 3.16
13.728, 3.168
13.728, 3.177
13.728, 3.185
13.728, 3.193
13.729, 3.201
13.729, 3.21
13.729, 3.218
13.729, 3.226
13.753, 3.234
13.753, 3.242
13.753, 3.251
13.753, 3.259
13.753, 3.268
13.753, 3.276
13.753, 3.284
13.753, 3.292
13.754, 3.301
13.754, 3.309
13.754, 3.317
13.754, 3.325
13.754, 3.334
13.754, 3.342
13.754, 3.35
13.778, 3.359
13.778, 3.367
13.778, 3.375
13.778, 3.383
13.778, 3.392
13.779, 3.4
13.779, 3.408
13.779, 3.416
13.779, 3.425
13.779, 3.433
13.779, 3.441
13.779, 3.449
13.779, 3.458
13.803, 3.466
13.803, 3.474
13.803, 3.483
13.803, 3.491
13.804, 3.499
13.804, 3.507
13.804, 3.516
13.804, 3.524
13.827, 3.532
13.827, 3.54
13.827, 3.549
13.827, 3.557
13.827, 3.565
13.827, 3.573
13.827, 3.581
13.829, 3.589
13.829, 3.597
13.829, 3.607
13.829, 3.615
13.829, 3.623
13.829, 3.631
13.829, 3.64
13.829, 3.648
13.829, 3.656
13.829, 3.664
13.829, 3.673
13.829, 3.681
13.829, 3.689
13.83, 3.698
13.83, 3.706
13.83, 3.714
13.854, 3.722
13.854, 3.73
13.854, 3.738
13.854, 3.746
13.854, 3.755
13.854, 3.764
13.854, 3.772
13.854, 3.78
13.854, 3.789
13.855, 3.797
13.855, 3.805
13.855, 3.813
13.855, 3.822
13.855, 3.83
13.855, 3.838
13.879, 3.846
13.879, 3.855
13.879, 3.863
13.879, 3.871
13.879, 3.879
13.88, 3.888
13.88, 3.896
13.88, 3.904
13.88, 3.913
13.88, 3.921
13.88, 3.929
13.88, 3.937
13.88, 3.946
13.88, 3.954
13.904, 3.962
13.904, 3.97
13.904, 3.979
13.905, 3.987
13.905, 3.995
13.905, 4.003
13.905, 4.012
13.905, 4.02
13.905, 4.028
13.905, 4.037
13.905, 4.045
13.905, 4.053
13.905, 4.061
13.905, 4.07
13.905, 4.078
13.906, 4.086
13.93, 4.094
13.93, 4.103
13.93, 4.111
13.93, 4.119
13.93, 4.128
13.93, 4.136
13.93, 4.144
13.93, 4.152
13.93, 4.161
13.93, 4.169
13.93, 4.177
13.931, 4.185
13.931, 4.194
13.931, 4.202
13.931, 4.21
13.931, 4.218
13.931, 4.227
13.931, 4.234
13.931, 4.242
13.931, 4.252
13.931, 4.26
13.931, 4.268
13.931, 4.276
13.931, 4.285
13.956, 4.293
13.956, 4.301
13.956, 4.309
13.956, 4.318
13.956, 4.326
13.956, 4.334
13.956, 4.343
13.956, 4.351
13.956, 4.359
13.956, 4.367
13.956, 4.376
13.956, 4.384
13.956, 4.392
13.956, 4.4
13.956, 4.409
13.956, 4.417
13.956, 4.425
13.956, 4.433
13.956, 4.442
13.956, 4.45
13.956, 4.458
13.956, 4.467
13.956, 4.475
13.956, 4.483
13.958, 4.491
13.958, 4.5
13.958, 4.508
13.958, 4.516
13.982, 4.524
13.982, 4.533
13.982, 4.541
13.982, 4.549
13.982, 4.557
13.982, 4.565
13.982, 4.573
13.983, 4.581
13.983, 4.591
13.983, 4.599
13.983, 4.607
13.983, 4.615
13.983, 4.624
13.983, 4.632
13.983, 4.64
14.007, 4.648
14.007, 4.657
14.007, 4.665
14.007, 4.673
14.008, 4.682
14.008, 4.69
14.008, 4.698
14.008, 4.706
14.008, 4.714
14.008, 4.722
14.008, 4.73
14.008, 4.738
14.008, 4.748
14.008, 4.756
14.008, 4.764
14.008, 4.772
14.008, 4.781
14.009, 4.789
14.009, 4.797
14.009, 4.806
14.009, 4.814
14.009, 4.822
14.009, 4.83
14.009, 4.839
14.009, 4.847
14.009, 4.855
14.009, 4.863
14.009, 4.871
14.009, 4.88
14.01, 4.888
14.01, 4.897
14.01, 4.905
14.01, 4.913
14.01, 4.921
14.01, 4.93
14.01, 4.938
14.01, 4.946
14.01, 4.954
14.01, 4.963
14.01, 4.971
14.01, 4.979
14.011, 4.987
14.011, 4.996
14.011, 5.004
14.011, 5.012
14.011, 5.021
14.011, 5.029
14.011, 5.037
14.011, 5.045
14.011, 5.054
14.011, 5.062
14.011, 5.07
14.011, 5.078
14.011, 5.087
14.012, 5.095
14.036, 5.103
14.036, 5.111
14.036, 5.12
14.036, 5.128
14.036, 5.136
14.036, 5.145
14.036, 5.153
14.036, 5.161
14.036, 5.169
14.036, 5.178
14.037, 5.186
14.037, 5.194
14.037, 5.202
14.037, 5.211
14.037, 5.219
14.037, 5.227
14.037, 5.236
14.037, 5.244
14.037, 5.252
14.037, 5.26
14.037, 5.269
14.037, 5.277
14.037, 5.285
14.038, 5.293
14.038, 5.302
14.038, 5.31
14.038, 5.318
14.038, 5.326
14.038, 5.335
14.038, 5.343
14.038, 5.351
14.038, 5.359
14.014, 5.367
14.014, 5.376
14.014, 5.384
14.014, 5.393
14.015, 5.401
14.015, 5.409
14.015, 5.417
14.015, 5.426
14.015, 5.434
14.015, 5.442
14.015, 5.451
14.015, 5.459
14.015, 5.467
14.015, 5.475
14.015, 5.484
14.015, 5.492
14.016, 5.5
14.016, 5.508
14.04, 5.517
14.04, 5.525
14.04, 5.533
14.04, 5.541
14.04, 5.55
14.04, 5.558
14.04, 5.565
14.04, 5.575
14.04, 5.583
14.04, 5.591
14.041, 5.599
14.041, 5.608
14.041, 5.616
14.041, 5.624
14.041, 5.632
14.041, 5.641
14.041, 5.649
14.041, 5.657
14.041, 5.666
14.041, 5.674
14.041, 5.682
14.041, 5.69
14.042, 5.698
14.042, 5.706
14.042, 5.714
14.066, 5.722
14.066, 5.732
14.066, 5.74
14.066, 5.748
14.066, 5.756
14.066, 5.765
14.066, 5.773
14.066, 5.781
14.066, 5.79
14.067, 5.798
14.067, 5.806
14.067, 5.814
14.067, 5.823
14.067, 5.831
14.067, 5.839
14.067, 5.847
14.091, 5.855
14.091, 5.863
14.091, 5.871
14.091, 5.88
14.091, 5.889
14.092, 5.897
14.116, 5.905
14.116, 5.914
14.116, 5.922
14.116, 5.93
14.116, 5.938
14.116, 5.947
14.116, 5.955
14.116, 5.963
14.116, 5.971
14.116, 5.98
14.116, 5.988
14.117, 5.996
14.117, 6.005
14.117, 6.013
14.117, 6.021
14.117, 6.029
14.117, 6.038
14.117, 6.046
14.117, 6.054
14.117, 6.062
14.117, 6.071
14.117, 6.079
14.142, 6.087
14.142, 6.095
14.142, 6.104
14.142, 6.112
14.142, 6.12
14.142, 6.129
14.142, 6.137
14.142, 6.145
14.142, 6.153
14.142, 6.162
14.142, 6.17
14.142, 6.178
14.142, 6.186
14.143, 6.195
14.143, 6.203
14.143, 6.211
14.143, 6.22
14.143, 6.228
14.143, 6.236
14.143, 6.244
14.143, 6.253
14.143, 6.261
14.143, 6.269
14.143, 6.277
14.143, 6.286
14.144, 6.294
14.144, 6.302
14.144, 6.31
14.168, 6.319
14.168, 6.327
14.168, 6.335
14.168, 6.343
14.168, 6.351
14.168, 6.359
14.168, 6.367
14.168, 6.377
14.168, 6.385
14.169, 6.393
14.169, 6.401
14.169, 6.41
14.169, 6.418
14.169, 6.426
14.169, 6.434
14.169, 6.443
14.169, 6.451
14.169, 6.459
14.169, 6.468
14.169, 6.476
14.169, 6.484
14.17, 6.492
14.17, 6.501
14.17, 6.509
14.17, 6.517
14.17, 6.525
14.17, 6.534
14.17, 6.542
14.194, 6.55
14.194, 6.559
14.194, 6.567
14.194, 6.575
14.194, 6.583
14.195, 6.592
14.195, 6.6
14.195, 6.608
14.195, 6.616
14.195, 6.625
14.195, 6.633
14.195, 6.641
14.195, 6.649
14.195, 6.658
14.195, 6.666
14.195, 6.674
14.195, 6.683
14.196, 6.69
14.196, 6.698
14.196, 6.706
14.196, 6.716
14.196, 6.724
14.196, 6.732
14.196, 6.74
14.196, 6.749
14.196, 6.757
14.196, 6.765
14.196, 6.774
14.196, 6.782
14.196, 6.79
14.197, 6.798
14.197, 6.807
14.197, 6.815
14.197, 6.823
14.197, 6.831
14.197, 6.839
14.197, 6.847
14.197, 6.855
14.197, 6.863
14.197, 6.873
14.197, 6.881
14.197, 6.889
14.198, 6.898
14.198, 6.906
14.198, 6.914
14.198, 6.922
14.198, 6.931
14.198, 6.939
14.198, 6.947
14.198, 6.955
14.198, 6.964
14.198, 6.972
14.198, 6.98
14.198, 6.988
14.223, 6.996
14.223, 7.005
14.223, 7.013
14.223, 7.022
14.223, 7.03
14.223, 7.038
14.223, 7.046
14.223, 7.055
14.223, 7.063
14.223, 7.071
14.223, 7.079
14.223, 7.088
14.224, 7.096
14.224, 7.104
14.224, 7.113
14.224, 7.121
14.224, 7.129
14.224, 7.137
14.224, 7.146
14.224, 7.154
14.224, 7.162
14.224, 7.17
14.224, 7.179
14.224, 7.187
14.249, 7.195
14.249, 7.203
14.249, 7.212
14.249, 7.22
14.249, 7.228
14.249, 7.237
14.249, 7.245
14.249, 7.253
14.249, 7.261
14.249, 7.27
14.249, 7.278
14.249, 7.286
14.25, 7.294
14.25, 7.303
14.25, 7.311
14.25, 7.319
14.25, 7.328
14.25, 7.336
14.25, 7.343
14.25, 7.351
14.25, 7.361
14.25, 7.369
14.25, 7.377
14.25, 7.385
14.25, 7.394
14.251, 7.402
14.251, 7.41
14.251, 7.418
14.275, 7.427
14.275, 7.435
14.275, 7.443
14.275, 7.452
14.275, 7.46
14.275, 7.468
14.275, 7.476
14.275, 7.484
14.276, 7.492
14.276, 7.501
14.276, 7.509
14.276, 7.518
14.276, 7.526
14.276, 7.534
14.276, 7.542
14.276, 7.551
14.276, 7.559
14.276, 7.567
14.276, 7.576
14.276, 7.584
14.276, 7.592
14.277, 7.6
14.277, 7.609
14.277, 7.617
14.277, 7.625
14.277, 7.633
14.277, 7.642
14.277, 7.65
14.277, 7.658
14.277, 7.667
14.277, 7.675
14.277, 7.683
14.302, 7.69
14.302, 7.7
14.302, 7.708
14.302, 7.716
14.302, 7.724
14.302, 7.733
14.302, 7.741
14.302, 7.749
14.302, 7.757
14.302, 7.766
14.302, 7.774
14.302, 7.782
14.302, 7.791
14.303, 7.799
14.303, 7.807
14.303, 7.815
14.303, 7.823
14.303, 7.831
14.303, 7.839
14.303, 7.847
14.303, 7.857
14.303, 7.865
14.303, 7.873
14.303, 7.882
14.303, 7.89
14.304, 7.898
14.304, 7.906
14.304, 7.915
14.304, 7.923
14.304, 7.931
14.304, 7.939
14.304, 7.948
14.304, 7.956
14.304, 7.964
14.304, 7.972
14.28, 7.972
14.28, 7.98
14.28, 7.972
14.256, 7.964
14.256, 7.956
14.256, 7.948
14.232, 7.939
14.256, 7.939
14.28, 7.939
14.304, 7.939
14.328, 7.939
14.351, 7.939
14.376, 7.939
14.4, 7.939
14.424, 7.939
14.448, 7.939
14.472, 7.939
14.496, 7.939
14.52, 7.939
14.544, 7.939
14.568, 7.939
14.593, 7.948
14.617, 7.948
14.641, 7.948
14.665, 7.948
14.689, 7.948
14.713, 7.948
14.737, 7.948
14.761, 7.948
14.785, 7.948
14.809, 7.948
14.833, 7.948
14.857, 7.948
14.881, 7.948
14.905, 7.948
14.929, 7.948
14.952, 7.948
14.976, 7.948
15.001, 7.948
15.026, 7.948
15.05, 7.948
15.074, 7.948
15.098, 7.948
15.121, 7.948
15.146, 7.948
15.17, 7.948
15.194, 7.948
15.218, 7.948
15.242, 7.948
15.266, 7.956
15.29, 7.956
15.314, 7.956
15.338, 7.956
15.362, 7.956
15.386, 7.956
15.41, 7.956
15.434, 7.956
15.459, 7.956
15.483, 7.956
15.507, 7.956
15.531, 7.956
15.555, 7.956
15.579, 7.956
15.603, 7.956
15.603, 7.948
15.579, 7.939
15.579, 7.931
15.554, 7.923
15.53, 7.915
15.53, 7.906
15.53, 7.898
15.53, 7.89
15.53, 7.881
15.53, 7.873
15.53, 7.865
15.53, 7.857
15.53, 7.847
15.53, 7.839
15.529, 7.831
15.529, 7.823
15.529, 7.815
15.553, 7.807
15.553, 7.799
15.553, 7.79
15.553, 7.782
15.553, 7.774
15.553, 7.766
15.553, 7.757
15.553, 7.749
15.553, 7.741
15.553, 7.733
15.552, 7.724
15.552, 7.716
15.552, 7.708
15.552, 7.7
15.552, 7.69
15.552, 7.683
15.552, 7.675
15.552, 7.666
15.552, 7.658
15.552, 7.65
15.552, 7.642
15.552, 7.633
15.576, 7.625
15.575, 7.617
15.575, 7.609
15.575, 7.6
15.575, 7.592
15.575, 7.584
15.575, 7.576
15.575, 7.567
15.575, 7.559
15.575, 7.551
15.575, 7.542
15.575, 7.534
15.575, 7.526
15.575, 7.518
15.573, 7.509
15.573, 7.501
15.573, 7.492
15.573, 7.484
15.573, 7.476
15.573, 7.468
15.573, 7.46
15.573, 7.451
15.573, 7.443
15.597, 7.435
15.597, 7.427
15.597, 7.418
15.597, 7.41
15.597, 7.402
15.597, 7.394
15.597, 7.385
15.597, 7.377
15.597, 7.369
15.597, 7.361
15.597, 7.351
15.597, 7.343
15.597, 7.336
15.597, 7.327
15.597, 7.319
15.597, 7.311
15.596, 7.303
15.596, 7.294
15.596, 7.286
15.596, 7.278
15.596, 7.27
15.596, 7.261
15.62, 7.253
15.62, 7.245
15.62, 7.236
15.62, 7.228
15.62, 7.22
15.62, 7.212
15.62, 7.203
15.619, 7.195
15.619, 7.187
15.619, 7.179
15.619, 7.17
15.619, 7.162
15.619, 7.154
15.643, 7.146
15.643, 7.137
15.667, 7.129
15.667, 7.121
15.69, 7.112
15.69, 7.104
15.714, 7.096
15.714, 7.088
15.738, 7.079
15.738, 7.071
15.738, 7.063
15.738, 7.055
15.738, 7.046
15.762, 7.038
15.762, 7.03
15.762, 7.021
15.762, 7.013
15.762, 7.005
15.762, 6.996
15.762, 6.988
15.762, 6.98
15.762, 6.972
15.762, 6.964
15.761, 6.955
15.761, 6.947
15.785, 6.939
15.785, 6.931
15.785, 6.922
15.785, 6.914
15.785, 6.906
15.785, 6.897
15.785, 6.889
15.785, 6.881
15.785, 6.873
15.785, 6.863
15.785, 6.855
15.784, 6.847
15.784, 6.839
15.784, 6.831
15.784, 6.823
15.784, 6.815
15.784, 6.807
15.784, 6.798
15.784, 6.79
15.808, 6.782
15.808, 6.773
15.808, 6.765
15.808, 6.757
15.808, 6.749
15.807, 6.74
15.807, 6.732
15.807, 6.724
15.807, 6.716
15.807, 6.706
15.807, 6.698
15.831, 6.69
15.831, 6.682
15.831, 6.674
15.831, 6.666
15.831, 6.658
15.831, 6.649
15.831, 6.641
15.83, 6.633
15.83, 6.625
15.83, 6.616
15.83, 6.608
15.83, 6.6
15.854, 6.592
15.854, 6.583
15.854, 6.575
15.854, 6.567
15.854, 6.558
15.854, 6.55
15.854, 6.542
15.854, 6.534
15.853, 6.525
15.853, 6.517
15.853, 6.509
15.877, 6.501
15.877, 6.492
15.877, 6.484
15.877, 6.476
15.877, 6.467
15.877, 6.459
15.877, 6.451
15.877, 6.443
15.877, 6.434
15.877, 6.426
15.876, 6.418
15.9, 6.41
15.9, 6.401
15.9, 6.393
15.9, 6.385
15.9, 6.377
15.9, 6.367
15.9, 6.359
15.9, 6.351
15.9, 6.343
15.9, 6.335
15.9, 6.327
15.9, 6.319
15.923, 6.31
15.923, 6.302
15.923, 6.294
15.923, 6.286
15.923, 6.277
15.923, 6.269
15.923, 6.261
15.923, 6.252
15.923, 6.244
15.923, 6.236
15.923, 6.228
15.947, 6.219
15.947, 6.211
15.946, 6.203
15.946, 6.195
15.946, 6.186
15.946, 6.178
15.946, 6.17
15.946, 6.162
15.946, 6.153
15.946, 6.145
15.946, 6.137
15.946, 6.128
15.946, 6.12
15.946, 6.112
15.97, 6.104
15.968, 6.095
15.968, 6.087
15.968, 6.079
15.968, 6.071
15.968, 6.062
15.968, 6.054
15.968, 6.046
15.968, 6.038
15.992, 6.029
15.992, 6.021
15.992, 6.013
15.992, 6.004
15.992, 5.996
15.992, 5.988
15.992, 5.98
15.992, 5.971
15.992, 5.963
15.992, 5.955
15.992, 5.947
16.016, 5.938
16.016, 5.93
16.016, 5.922
16.016, 5.913
16.016, 5.905
16.016, 5.897
16.016, 5.889
16.016, 5.88
16.015, 5.871
16.015, 5.863
16.015, 5.855
16.015, 5.847
16.015, 5.839
16.015, 5.831
16.015, 5.823
16.015, 5.814
16.039, 5.806
16.039, 5.798
16.039, 5.789
16.039, 5.781
16.039, 5.773
16.038, 5.765
16.038, 5.756
16.038, 5.748
16.038, 5.74
16.038, 5.732
16.038, 5.722
16.038, 5.714
16.062, 5.706
16.062, 5.698
16.062, 5.69
16.062, 5.682
16.062, 5.674
16.062, 5.665
16.061, 5.657
16.061, 5.649
16.061, 5.641
16.061, 5.632
16.085, 5.624
16.085, 5.616
16.085, 5.608
16.085, 5.599
16.085, 5.591
16.085, 5.583
16.085, 5.573
16.085, 5.565
16.085, 5.558
16.084, 5.55
16.108, 5.541
16.108, 5.533
16.108, 5.525
16.108, 5.517
16.108, 5.508
16.108, 5.5
16.108, 5.492
16.108, 5.483
16.108, 5.475
16.108, 5.467
16.108, 5.459
16.108, 5.45
16.107, 5.442
16.107, 5.434
16.107, 5.426
16.107, 5.417
16.107, 5.409
16.131, 5.401
16.131, 5.393
16.131, 5.384
16.131, 5.376
16.131, 5.367
16.131, 5.359
16.131, 5.351
16.131, 5.343
16.13, 5.335
16.13, 5.326
16.13, 5.318
16.13, 5.31
16.13, 5.302
16.13, 5.293
16.13, 5.285
16.154, 5.277
16.154, 5.269
16.154, 5.26
16.154, 5.252
16.154, 5.244
16.154, 5.234
16.153, 5.227
16.153, 5.219
16.153, 5.211
16.153, 5.202
16.153, 5.194
16.153, 5.186
16.153, 5.178
16.153, 5.169
16.153, 5.161
16.177, 5.153
16.177, 5.144
16.177, 5.136
16.177, 5.128
16.176, 5.12
16.176, 5.111
16.176, 5.103
16.176, 5.095
16.176, 5.087
16.176, 5.078
16.176, 5.07
16.176, 5.062
16.176, 5.054
16.176, 5.045
16.2, 5.037
16.2, 5.029
16.2, 5.02
16.199, 5.012
16.199, 5.004
16.199, 4.996
16.199, 4.987
16.199, 4.979
16.199, 4.971
16.199, 4.963
16.199, 4.954
16.199, 4.946
16.199, 4.938
16.199, 4.929
16.199, 4.921
16.198, 4.913
16.198, 4.905
16.198, 4.896
16.198, 4.888
16.198, 4.88
16.198, 4.871
16.198, 4.863
16.198, 4.855
16.198, 4.847
16.198, 4.839
16.222, 4.83
16.222, 4.822
16.222, 4.814
16.221, 4.805
16.221, 4.797
16.221, 4.789
16.221, 4.781
16.221, 4.772
16.221, 4.764
16.221, 4.756
16.221, 4.748
16.221, 4.738
16.221, 4.73
16.221, 4.722
16.221, 4.714
16.245, 4.706
16.244, 4.698
16.244, 4.69
16.244, 4.681
16.244, 4.673
16.244, 4.665
16.244, 4.657
16.268, 4.648
16.268, 4.64
16.268, 4.632
16.268, 4.624
16.268, 4.615
16.268, 4.607
16.268, 4.599
16.267, 4.589
16.267, 4.581
16.267, 4.573
16.267, 4.565
16.267, 4.557
16.267, 4.549
16.267, 4.541
16.267, 4.533
16.267, 4.524
16.267, 4.516
16.267, 4.508
16.267, 4.5
16.266, 4.491
16.266, 4.483
16.266, 4.475
16.266, 4.466
16.266, 4.458
16.266, 4.45
16.29, 4.442
16.29, 4.433
16.29, 4.425
16.29, 4.417
16.29, 4.409
16.29, 4.4
16.29, 4.392
16.289, 4.384
16.289, 4.375
16.289, 4.367
16.289, 4.359
16.289, 4.351
16.289, 4.342
16.289, 4.334
16.313, 4.326
16.313, 4.318
16.313, 4.309
16.313, 4.301
16.313, 4.293
16.313, 4.285
16.312, 4.276
16.312, 4.268
16.312, 4.26
16.312, 4.251
16.312, 4.242
16.312, 4.234
16.312, 4.227
16.312, 4.218
16.336, 4.21
16.336, 4.202
16.336, 4.194
16.336, 4.185
16.336, 4.177
16.335, 4.169
16.335, 4.16
16.335, 4.152
16.335, 4.144
16.335, 4.136
16.335, 4.127
16.335, 4.119
16.335, 4.111
16.359, 4.103
16.359, 4.094
16.359, 4.086
16.359, 4.078
16.359, 4.07
16.358, 4.061
16.358, 4.053
16.358, 4.045
16.358, 4.036
16.358, 4.028
16.358, 4.02
16.358, 4.012
16.358, 4.003
16.358, 3.995
16.358, 3.987
16.358, 3.979
16.358, 3.97
16.358, 3.962
16.357, 3.954
16.357, 3.946
16.357, 3.937
16.357, 3.929
16.381, 3.921
16.381, 3.912
16.381, 3.904
16.381, 3.896
16.381, 3.888
16.381, 3.879
16.381, 3.871
16.381, 3.863
16.381, 3.855
16.38, 3.846
16.38, 3.838
16.38, 3.83
16.38, 3.821
16.38, 3.813
16.38, 3.805
16.38, 3.797
16.404, 3.788
16.404, 3.78
16.404, 3.772
16.404, 3.764
16.404, 3.755
16.404, 3.746
16.427, 3.738
16.427, 3.73
16.427, 3.722
16.427, 3.714
16.451, 3.706
16.451, 3.697
16.451, 3.689
16.451, 3.681
16.451, 3.673
16.451, 3.664
16.451, 3.656
16.451, 3.648
16.451, 3.64
16.45, 3.631
16.45, 3.623
16.474, 3.615
16.474, 3.605
16.474, 3.597
16.474, 3.589
16.474, 3.581
16.474, 3.573
16.474, 3.565
16.474, 3.557
16.474, 3.549
16.474, 3.54
16.474, 3.532
16.498, 3.524
16.496, 3.516
16.496, 3.507
16.496, 3.499
16.521, 3.491
16.521, 3.482
16.521, 3.474
16.521, 3.466
16.521, 3.458
16.521, 3.449
16.545, 3.441
16.545, 3.433
16.545, 3.425
16.545, 3.416
16.545, 3.408
16.544, 3.4
16.544, 3.391
16.544, 3.383
16.544, 3.375
16.544, 3.367
16.544, 3.358
16.568, 3.35
16.568, 3.342
16.568, 3.334
16.568, 3.325
16.568, 3.317
16.568, 3.309
16.568, 3.301
16.567, 3.292
16.567, 3.284
16.567, 3.276
16.591, 3.267
16.591, 3.259
16.591, 3.251
16.591, 3.242
16.615, 3.234
16.615, 3.226
16.615, 3.218
16.615, 3.21
16.615, 3.201
16.615, 3.193
16.613, 3.185
16.638, 3.176
16.638, 3.168
16.638, 3.16
16.638, 3.152
16.638, 3.143
16.638, 3.135
16.638, 3.127
16.638, 3.119
16.638, 3.11
16.638, 3.102
16.662, 3.094
16.662, 3.086
16.662, 3.077
16.661, 3.069
16.661, 3.061
16.661, 3.052
16.661, 3.044
16.661, 3.036
16.685, 3.028
16.685, 3.019
16.685, 3.011
16.685, 3.003
16.685, 2.995
16.685, 2.986
16.709, 2.978
16.709, 2.97
16.733, 2.962
16.732, 2.952
16.732, 2.944
16.756, 2.937
16.756, 2.928
16.756, 2.92
16.756, 2.912
16.756, 2.904
16.756, 2.895
16.78, 2.887
16.78, 2.879
16.78, 2.871
16.78, 2.862
16.804, 2.854
16.804, 2.846
16.804, 2.837
16.827, 2.829
16.827, 2.821
16.827, 2.813
16.851, 2.804
16.851, 2.796
16.851, 2.788
16.851, 2.78
16.851, 2.771
16.851, 2.763
16.875, 2.755
16.875, 2.746
16.875, 2.738
16.875, 2.73
16.899, 2.722
16.899, 2.713
16.898, 2.705
16.922, 2.697
16.922, 2.689
16.922, 2.68
16.922, 2.672
16.946, 2.664
16.946, 2.656
16.946, 2.647
16.946, 2.639
16.946, 2.631
16.97, 2.621
16.97, 2.613
16.97, 2.605
16.97, 2.597
16.992, 2.589
16.992, 2.581
16.992, 2.573
16.992, 2.565
16.992, 2.556
16.992, 2.548
16.992, 2.54
17.017, 2.532
17.017, 2.523
17.017, 2.515
17.041, 2.507
17.041, 2.498
17.041, 2.49
17.041, 2.482
17.04, 2.474
17.04, 2.465
17.04, 2.457
17.04, 2.449
17.04, 2.441
17.04, 2.432
17.04, 2.424
17.04, 2.416
17.064, 2.407
17.064, 2.399
17.064, 2.391
17.064, 2.383
17.064, 2.374
17.063, 2.366
17.063, 2.358
17.063, 2.35
17.063, 2.341
17.063, 2.333
17.063, 2.325
17.063, 2.317
17.063, 2.308
17.063, 2.3
17.087, 2.292
17.087, 2.283
17.087, 2.275
17.087, 2.267
17.086, 2.259
17.11, 2.25
17.11, 2.242
17.11, 2.234
17.11, 2.226
17.134, 2.217
17.134, 2.209
17.134, 2.201
17.134, 2.192
17.134, 2.184
17.158, 2.176
17.158, 2.168
17.158, 2.159
17.158, 2.151
17.157, 2.143
17.181, 2.135
17.181, 2.126
17.181, 2.117
17.181, 2.11
17.205, 2.102
17.205, 2.093
17.205, 2.085
17.205, 2.077
17.205, 2.068
17.229, 2.06
17.229, 2.052
17.229, 2.044
17.229, 2.035
17.253, 2.027
17.252, 2.019
17.252, 2.011
17.252, 2.002
17.252, 1.994
17.276, 1.986
17.276, 1.978
17.276, 1.968
17.276, 1.96
17.276, 1.952
17.3, 1.944
17.3, 1.936
17.3, 1.928
17.3, 1.92
17.3, 1.911
17.324, 1.903
17.323, 1.895
17.323, 1.887
17.323, 1.878
17.347, 1.87
17.347, 1.862
17.347, 1.853
17.323, 1.845
17.299, 1.837
17.299, 1.829
17.299, 1.819
17.299, 1.812
17.298, 1.804
17.322, 1.796
17.322, 1.787
17.322, 1.779
17.346, 1.771
17.346, 1.763
17.346, 1.754
17.346, 1.746
17.37, 1.738
17.37, 1.729
17.37, 1.721
17.37, 1.713
17.394, 1.705
17.394, 1.696
17.418, 1.688
17.418, 1.68
17.417, 1.672
17.417, 1.663
17.441, 1.655
17.441, 1.647
17.441, 1.638
17.441, 1.63
17.441, 1.621
17.465, 1.613
17.465, 1.605
17.465, 1.597
17.465, 1.589
17.488, 1.581
17.488, 1.572
17.488, 1.564
17.488, 1.556
17.512, 1.548
17.512, 1.539
17.512, 1.531
17.512, 1.523
17.536, 1.514
17.536, 1.506
17.536, 1.498
17.56, 1.49
17.56, 1.48
17.56, 1.472
17.584, 1.465
17.584, 1.457
17.584, 1.448
17.584, 1.44
17.608, 1.432
17.607, 1.423
17.631, 1.415
17.631, 1.407
17.631, 1.399
17.655, 1.39
17.655, 1.382
17.655, 1.374
17.679, 1.366
17.679, 1.357
17.679, 1.349
17.679, 1.341
17.702, 1.333
17.702, 1.324
17.702, 1.316
17.726, 1.308
17.726, 1.299
17.726, 1.291
17.75, 1.283
17.75, 1.275
17.75, 1.266
17.75, 1.258
17.774, 1.258
17.774, 1.25
17.774, 1.242
17.798, 1.233
17.798, 1.225
17.798, 1.217
17.822, 1.208
17.822, 1.2
17.822, 1.192
17.846, 1.184
17.846, 1.175
17.845, 1.167
17.845, 1.159
17.869, 1.151
17.869, 1.142
17.869, 1.134
17.893, 1.126
17.893, 1.117
17.893, 1.109
17.917, 1.101
17.917, 1.093
17.94, 1.084
17.94, 1.076
17.94, 1.068
17.94, 1.06
17.964, 1.051
17.964, 1.043
17.988, 1.035
18.013, 1.035
18.012, 1.027
18.036, 1.018
18.06, 1.018
18.084, 1.01
18.108, 1.002
18.132, 0.992
18.156, 0.992
18.18, 0.984
18.18, 0.976
18.204, 0.976
18.228, 0.968
18.228, 0.96
18.252, 0.952
18.276, 0.944
18.276, 0.936
18.3, 0.927
18.3, 0.919
18.324, 0.911
18.347, 0.903
18.347, 0.894
18.371, 0.886
18.371, 0.878
18.396, 0.869
18.396, 0.861
18.42, 0.853
18.444, 0.845
18.444, 0.835
18.467, 0.827
18.467, 0.819
18.491, 0.812
18.515, 0.803
18.539, 0.795
18.539, 0.787
18.563, 0.787
18.563, 0.778
18.587, 0.77
18.611, 0.762
18.635, 0.754
18.659, 0.745
18.683, 0.737
18.706, 0.729
18.706, 0.721
18.73, 0.721
18.73, 0.712
18.755, 0.704
18.779, 0.696
18.803, 0.688
18.827, 0.679
18.827, 0.671
18.851, 0.663
18.875, 0.654
18.875, 0.646
18.899, 0.638
18.923, 0.63
18.922, 0.621
18.946, 0.613
18.97, 0.605
18.97, 0.597
18.994, 0.588
19.018, 0.58
19.018, 0.572
19.042, 0.563
19.066, 0.555
19.066, 0.547
19.09, 0.539
19.114, 0.53
19.114, 0.522
19.138, 0.514
19.138, 0.506
19.162, 0.506
19.162, 0.496
19.186, 0.488
19.186, 0.48
19.21, 0.472
19.234, 0.464
19.258, 0.456
19.257, 0.448
19.281, 0.439
19.305, 0.439
19.305, 0.431
19.329, 0.431
19.353, 0.431
19.378, 0.431
19.402, 0.431
19.426, 0.423
19.45, 0.423
19.474, 0.423
19.498, 0.423
19.522, 0.415
19.546, 0.415
19.569, 0.415
19.593, 0.415
19.617, 0.415
19.642, 0.415
19.666, 0.415
19.69, 0.406
19.714, 0.406
19.738, 0.406
19.762, 0.406
19.786, 0.406
19.81, 0.406
19.834, 0.406
19.858, 0.406
19.882, 0.406
19.906, 0.406
19.93, 0.398
19.954, 0.398
19.979, 0.398
20.003, 0.398
20.027, 0.398
20.051, 0.398
20.075, 0.398
20.099, 0.398
20.123, 0.398
20.147, 0.398
20.171, 0.39
20.195, 0.39
20.219, 0.39
20.242, 0.39
20.267, 0.39
20.291, 0.39
20.315, 0.39
20.339, 0.39
20.363, 0.39
20.387, 0.39
20.411, 0.39
20.435, 0.381
20.459, 0.381
20.483, 0.381
20.507, 0.381
20.532, 0.381
20.556, 0.381
20.58, 0.381
20.604, 0.381
20.628, 0.381
20.652, 0.381
20.676, 0.373
20.7, 0.373
20.724, 0.373
20.748, 0.373
20.772, 0.373
20.796, 0.373
20.819, 0.373
20.843, 0.373
20.867, 0.373
20.892, 0.373
20.916, 0.373
20.94, 0.365
20.964, 0.365
20.988, 0.365
21.012, 0.365
21.036, 0.365
21.061, 0.373
21.085, 0.373
21.109, 0.381
21.133, 0.39
21.157, 0.39
21.181, 0.398
21.205, 0.398
21.229, 0.406
21.253, 0.415
21.277, 0.415
21.302, 0.423
21.326, 0.423
21.35, 0.423
21.374, 0.423
21.398, 0.423
21.422, 0.415
21.446, 0.415
21.47, 0.415
21.494, 0.415
21.518, 0.415
21.542, 0.415
21.565, 0.415
21.589, 0.415
21.613, 0.415
21.638, 0.406
21.662, 0.406
21.686, 0.406
21.71, 0.406
21.734, 0.406
21.758, 0.406
21.782, 0.398
21.806, 0.398
21.83, 0.398
21.855, 0.398
21.879, 0.398
21.903, 0.39
21.927, 0.39
21.951, 0.381
21.975, 0.373
21.999, 0.373
22.023, 0.373
22.047, 0.365
22.071, 0.365
22.095, 0.357
22.119, 0.347
22.143, 0.347
22.167, 0.34
22.191, 0.34
22.215, 0.332
22.238, 0.332
22.263, 0.324
22.287, 0.324
22.311, 0.324
22.335, 0.324
22.359, 0.324
22.383, 0.324
22.407, 0.324
22.431, 0.324
22.455, 0.324
22.479, 0.315
22.503, 0.315
22.527, 0.315
22.551, 0.315
22.575, 0.315
22.599, 0.315
22.623, 0.324
22.647, 0.324
22.672, 0.324
22.696, 0.324
22.72, 0.332
22.744, 0.332
22.768, 0.332
22.792, 0.332
22.815, 0.34
22.839, 0.34
22.863, 0.34
22.888, 0.34
22.912, 0.34
22.936, 0.34
22.96, 0.34
22.984, 0.34
23.008, 0.34
23.032, 0.34
23.057, 0.34
23.081, 0.34
23.105, 0.34
23.129, 0.34
23.153, 0.34
23.177, 0.34
23.201, 0.34
23.225, 0.34
23.249, 0.34
23.273, 0.34
23.297, 0.34
23.321, 0.34
23.345, 0.34
23.369, 0.34
23.393, 0.34
23.417, 0.34
23.441, 0.34
23.465, 0.34
23.488, 0.34
23.513, 0.332
23.537, 0.332
23.561, 0.332
23.585, 0.332
23.609, 0.332
23.634, 0.332
23.658, 0.332
23.682, 0.332
23.706, 0.332
23.73, 0.332
23.754, 0.323
23.778, 0.323
23.802, 0.323
23.826, 0.323
23.85, 0.323
23.874, 0.323
23.898, 0.323
23.922, 0.323
23.946, 0.315
23.97, 0.315
23.994, 0.315
24.018, 0.315
24.042, 0.315
24.066, 0.315
24.09, 0.315
24.115, 0.315
24.138, 0.307
24.163, 0.307
24.187, 0.307
24.211, 0.307
24.234, 0.307
24.259, 0.307
24.283, 0.307
24.307, 0.307
24.331, 0.299
24.355, 0.299
24.379, 0.299
24.403, 0.299
24.427, 0.299
24.451, 0.299
24.475, 0.299
24.499, 0.299
24.523, 0.299
24.547, 0.29
24.571, 0.29
24.595, 0.29
24.619, 0.29
24.643, 0.29
24.667, 0.29
24.692, 0.29
24.716, 0.29
24.74, 0.282
24.764, 0.282
24.788, 0.282
24.812, 0.282
24.835, 0.282
24.859, 0.282
24.884, 0.282
24.908, 0.282
24.932, 0.274
24.956, 0.274
24.98, 0.274
25.004, 0.274
25.028, 0.274
25.052, 0.274
25.076, 0.274
25.1, 0.274
25.124, 0.266
25.148, 0.266
25.172, 0.266
25.196, 0.266
25.22, 0.266
25.244, 0.266
25.268, 0.266
25.293, 0.266
25.317, 0.257
25.341, 0.257
25.365, 0.257
25.389, 0.257
25.413, 0.257
25.437, 0.257
25.461, 0.257
25.484, 0.257
25.509, 0.249
25.533, 0.249
25.557, 0.249
25.581, 0.249
25.605, 0.249
25.629, 0.257
25.653, 0.257
25.653, 0.265
25.677, 0.274
25.701, 0.274
25.726, 0.282
25.75, 0.29
25.774, 0.299
25.798, 0.299
25.822, 0.307
25.822, 0.315
25.846, 0.315
25.87, 0.323
25.894, 0.332
25.919, 0.332
25.943, 0.332
25.967, 0.332
25.991, 0.332
26.015, 0.34
26.039, 0.34
26.063, 0.34
26.087, 0.34
26.111, 0.347
26.135, 0.347
26.159, 0.355
26.183, 0.355
26.207, 0.365
26.232, 0.365
26.256, 0.373
26.28, 0.373
26.304, 0.373
26.328, 0.373
26.351, 0.373
26.376, 0.381
26.4, 0.381
26.424, 0.389
26.448, 0.389
26.472, 0.398
26.496, 0.398
26.521, 0.406
26.545, 0.406
26.569, 0.414
26.593, 0.414
26.617, 0.414
26.641, 0.414
26.665, 0.414
26.689, 0.414
26.713, 0.414
26.737, 0.414
26.761, 0.414
26.785, 0.423
26.809, 0.423
26.833, 0.431
26.858, 0.439
26.882, 0.439
26.906, 0.439
26.93, 0.447
26.954, 0.456
26.978, 0.464
26.978, 0.472
27.002, 0.48
27.026, 0.488
27.027, 0.496
27.051, 0.505
27.051, 0.513
27.075, 0.522
27.099, 0.53
27.099, 0.538
27.123, 0.547
27.147, 0.547
27.171, 0.555
27.171, 0.563
27.196, 0.571
27.196, 0.58
27.196, 0.588
27.196, 0.596
27.196, 0.604
27.196, 0.613
27.22, 0.621
27.22, 0.629
27.244, 0.638
27.268, 0.646
27.269, 0.654
27.293, 0.662
27.293, 0.671
27.317, 0.679
27.317, 0.687
27.341, 0.694
27.365, 0.704
27.365, 0.712
27.365, 0.72
27.365, 0.728
27.366, 0.737
27.366, 0.745
27.366, 0.753
27.366, 0.762
27.39, 0.77
27.39, 0.778
27.39, 0.786
27.39, 0.795
27.39, 0.803
27.39, 0.811
27.39, 0.819
27.415, 0.827
27.415, 0.835
27.415, 0.843
27.439, 0.851
27.439, 0.861
27.439, 0.869
27.463, 0.877
27.463, 0.886
27.463, 0.894
27.487, 0.902
27.488, 0.91
27.488, 0.919
27.512, 0.927
27.512, 0.935
27.512, 0.943
27.536, 0.952
27.536, 0.96
27.536, 0.968
27.56, 0.976
27.56, 0.984
27.56, 0.992
27.585, 1.001
27.585, 1.01
27.585, 1.018
27.609, 1.026
27.609, 1.034
27.609, 1.043
27.633, 1.051
27.633, 1.059
27.633, 1.067
27.657, 1.076
27.658, 1.084
27.658, 1.092
27.682, 1.101
27.682, 1.109
27.682, 1.117
27.706, 1.125
27.706, 1.134
27.706, 1.142
27.73, 1.15
27.73, 1.158
27.73, 1.167
27.755, 1.175
27.755, 1.183
27.755, 1.191
27.779, 1.2
27.779, 1.208
27.779, 1.216
27.803, 1.225
27.803, 1.233
27.803, 1.241
27.827, 1.249
27.827, 1.258
27.827, 1.266
27.851, 1.274
27.851, 1.282
27.851, 1.291
27.876, 1.299
27.876, 1.307
27.9, 1.316
27.9, 1.324
27.924, 1.324
27.925, 1.332
27.948, 1.34
27.972, 1.349
27.972, 1.357
27.996, 1.357
27.996, 1.365
28.021, 1.373
28.021, 1.382
28.045, 1.39
28.07, 1.398
28.07, 1.406
28.094, 1.415
28.117, 1.423
28.117, 1.431
28.142, 1.431
28.142, 1.44
28.166, 1.448
28.166, 1.456
28.19, 1.464
28.19, 1.472
28.215, 1.472
28.238, 1.48
28.238, 1.488
28.263, 1.496
28.263, 1.506
28.287, 1.514
28.311, 1.514
28.335, 1.522
28.359, 1.53
28.383, 1.53
28.384, 1.539
28.384, 1.547
28.359, 1.555
28.359, 1.564
28.359, 1.572
28.359, 1.564
28.384, 1.555
28.384, 1.547
28.408, 1.539
28.432, 1.53
28.431, 1.522
28.456, 1.522
28.48, 1.522
28.504, 1.514
28.528, 1.514
28.552, 1.514
28.576, 1.506
28.6, 1.496
28.624, 1.488
28.648, 1.48
28.647, 1.472
28.671, 1.464
28.671, 1.456
28.694, 1.448
28.694, 1.44
28.718, 1.431
28.718, 1.423
28.718, 1.415
28.742, 1.406
28.742, 1.398
28.742, 1.39
28.767, 1.382
28.767, 1.373
28.767, 1.365
28.791, 1.357
28.815, 1.349
28.815, 1.34
28.839, 1.332
28.838, 1.324
28.838, 1.315
28.838, 1.307
28.862, 1.299
28.862, 1.291
28.862, 1.282
28.886, 1.274
28.91, 1.266
28.91, 1.258
28.91, 1.249
28.934, 1.241
28.934, 1.233
28.934, 1.225
28.958, 1.216
28.958, 1.208
28.956, 1.2
28.98, 1.191
28.98, 1.183
29.005, 1.175
29.005, 1.167
29.005, 1.158
29.029, 1.15
29.029, 1.142
29.029, 1.134
29.053, 1.125
29.053, 1.117
29.077, 1.109
29.077, 1.1
29.077, 1.092
29.101, 1.084
29.101, 1.076
29.1, 1.067
29.124, 1.059
29.124, 1.051
29.148, 1.043
29.148, 1.034
29.148, 1.026
29.172, 1.018
29.172, 1.01
29.172, 1.001
29.196, 0.992
29.196, 0.984
29.22, 0.984
29.22, 0.976
29.244, 0.968
29.268, 0.96
29.268, 0.952
29.292, 0.952
29.316, 0.943
29.316, 0.935
29.34, 0.927
29.363, 0.927
29.388, 0.919
29.412, 0.919
29.436, 0.919
29.46, 0.919
29.484, 0.919
29.508, 0.919
29.532, 0.91
29.556, 0.91
29.58, 0.91
29.604, 0.91
29.628, 0.902
29.652, 0.894
29.676, 0.885
29.7, 0.885
29.7, 0.877
29.724, 0.877
29.748, 0.869
29.772, 0.861
29.796, 0.851
29.819, 0.843
29.843, 0.835
29.867, 0.827
29.892, 0.819
29.916, 0.811
29.94, 0.803
29.964, 0.803
29.988, 0.794
29.988, 0.786
30.012, 0.786
30.012, 0.778
30.036, 0.77
30.06, 0.761
30.059, 0.753
30.084, 0.753
30.083, 0.745
30.107, 0.737
30.107, 0.728
30.131, 0.72
30.155, 0.712
30.179, 0.704
30.203, 0.694
30.227, 0.687
30.251, 0.679
30.275, 0.67
30.299, 0.662
30.323, 0.654
30.347, 0.646
30.371, 0.637
30.395, 0.637
30.395, 0.629
30.419, 0.621
30.443, 0.621
30.467, 0.613
30.467, 0.604
30.491, 0.604
30.515, 0.596
30.539, 0.588
30.563, 0.579
30.587, 0.571
30.611, 0.571
30.635, 0.563
30.659, 0.555
30.683, 0.555
30.706, 0.546
30.73, 0.546
30.755, 0.538
30.779, 0.538
30.779, 0.53
30.803, 0.53
30.827, 0.522
30.851, 0.522
30.875, 0.513
30.899, 0.513
30.923, 0.505
30.947, 0.496
30.971, 0.496
30.995, 0.488
31.019, 0.488
31.043, 0.48
31.067, 0.48
31.067, 0.472
31.091, 0.472
31.115, 0.464
31.139, 0.455
31.163, 0.455
31.187, 0.447
31.211, 0.439
31.234, 0.439
31.259, 0.431
31.283, 0.431
31.307, 0.422
31.331, 0.422
31.331, 0.414
31.355, 0.414
31.379, 0.406
31.403, 0.406
31.427, 0.398
31.451, 0.398
31.475, 0.389
31.499, 0.381
31.523, 0.381
31.547, 0.373
31.571, 0.373
31.595, 0.363
31.619, 0.363
31.619, 0.355
31.643, 0.347
31.667, 0.347
31.69, 0.34
31.714, 0.34
31.738, 0.331
31.763, 0.331
31.763, 0.323
31.787, 0.323
31.811, 0.315
31.835, 0.315
31.859, 0.307
31.883, 0.307
31.907, 0.298
31.931, 0.298
31.955, 0.298
31.979, 0.298
32.003, 0.298
32.027, 0.298
32.051, 0.298
32.075, 0.298
32.099, 0.298
32.123, 0.298
32.147, 0.29
32.171, 0.29
32.196, 0.29
32.22, 0.29
32.244, 0.29
32.268, 0.29
32.292, 0.29
32.316, 0.29
32.34, 0.29
32.363, 0.29
32.388, 0.29
32.412, 0.29
32.436, 0.29
32.46, 0.29
32.484, 0.29
32.508, 0.29
32.532, 0.29
32.556, 0.29
32.58, 0.29
32.604, 0.29
32.628, 0.282
32.652, 0.282
32.676, 0.282
32.701, 0.282
32.725, 0.282
32.749, 0.282
32.773, 0.273
32.797, 0.273
32.821, 0.265
32.845, 0.257
32.869, 0.249
32.893, 0.249
32.917, 0.24
32.94, 0.24
32.964, 0.24
32.988, 0.232
33.013, 0.232
33.037, 0.232
33.061, 0.232
33.085, 0.224
33.109, 0.216
33.133, 0.216
33.157, 0.224
33.181, 0.224
33.205, 0.224
33.229, 0.232
33.253, 0.232
33.277, 0.232
33.301, 0.24
33.325, 0.24
33.349, 0.24
33.374, 0.249
33.398, 0.249
33.422, 0.249
33.446, 0.257
33.47, 0.257
33.494, 0.257
33.518, 0.265
33.542, 0.265
33.565, 0.265
33.589, 0.273
33.613, 0.273
33.638, 0.273
33.663, 0.282
33.687, 0.282
33.71, 0.282
33.734, 0.29
33.759, 0.29
33.783, 0.29
33.807, 0.298
33.831, 0.298
33.855, 0.298
33.879, 0.306
33.903, 0.306
33.927, 0.306
33.951, 0.315
33.976, 0.315
34.0, 0.315
34.024, 0.323
34.048, 0.323
34.072, 0.323
34.096, 0.331
34.12, 0.331
34.144, 0.331
34.168, 0.34
34.192, 0.34
34.216, 0.34
34.24, 0.347
34.264, 0.347
34.289, 0.347
34.313, 0.355
34.337, 0.355
34.361, 0.355
34.385, 0.363
34.409, 0.363
34.433, 0.363
34.457, 0.373
34.48, 0.373
34.505, 0.373
34.529, 0.381
34.553, 0.381
34.577, 0.373
34.601, 0.373
34.626, 0.373
34.65, 0.373
34.674, 0.381
34.698, 0.389
34.722, 0.397
34.746, 0.406
34.77, 0.406
34.794, 0.414
34.818, 0.422
34.843, 0.43
34.843, 0.439
34.867, 0.439
34.891, 0.447
34.891, 0.455
34.915, 0.464
34.939, 0.464
34.939, 0.472
34.963, 0.48
34.987, 0.488
35.012, 0.496
35.036, 0.505
35.06, 0.513
35.084, 0.521
35.108, 0.53
35.132, 0.538
35.132, 0.546
35.132, 0.554
35.132, 0.563
35.157, 0.571
35.181, 0.571
35.205, 0.579
35.205, 0.588
35.229, 0.588
35.229, 0.596
35.253, 0.604
35.253, 0.612
35.277, 0.621
35.277, 0.629
35.277, 0.637
35.278, 0.645
35.302, 0.654
35.326, 0.662
35.35, 0.67
35.35, 0.678
35.374, 0.687
35.374, 0.694
35.398, 0.702
35.398, 0.712
35.399, 0.72
35.399, 0.728
35.423, 0.736
35.423, 0.745
35.423, 0.753
35.447, 0.761
35.447, 0.769
35.447, 0.778
35.447, 0.786
35.471, 0.794
35.471, 0.803
35.472, 0.811
35.472, 0.819
35.472, 0.827
35.496, 0.835
35.496, 0.843
35.496, 0.851
35.496, 0.859
35.52, 0.869
35.52, 0.877
35.52, 0.885
35.545, 0.893
35.545, 0.902
35.545, 0.91
35.569, 0.918
35.569, 0.927
35.569, 0.935
35.569, 0.943
35.569, 0.951
35.569, 0.96
35.593, 0.968
35.593, 0.976
35.593, 0.984
35.593, 0.992
35.617, 1.001
35.617, 1.009
35.617, 1.017
35.642, 1.026
35.642, 1.034
35.642, 1.042
35.666, 1.051
35.666, 1.059
35.666, 1.067
35.667, 1.075
35.667, 1.084
35.667, 1.092
35.69, 1.1
35.69, 1.108
35.69, 1.117
35.69, 1.125
35.69, 1.133
35.714, 1.142
35.714, 1.15
35.714, 1.158
35.74, 1.166
35.74, 1.175
35.74, 1.183
35.74, 1.191
35.74, 1.199
35.74, 1.208
35.764, 1.216
35.764, 1.224
35.764, 1.232
35.764, 1.241
35.764, 1.249
35.765, 1.257
35.765, 1.266
35.789, 1.274
35.789, 1.282
35.789, 1.29
35.789, 1.299
35.813, 1.307
35.813, 1.315
35.813, 1.323
35.813, 1.332
35.838, 1.34
35.838, 1.347
35.838, 1.355
35.838, 1.365
35.838, 1.373
35.838, 1.381
35.838, 1.39
35.862, 1.398
35.862, 1.406
35.862, 1.414
35.862, 1.423
35.862, 1.431
35.887, 1.439
35.887, 1.447
35.887, 1.456
35.887, 1.464
35.887, 1.472
35.887, 1.48
35.911, 1.488
35.911, 1.496
35.911, 1.505
35.911, 1.514
35.936, 1.522
35.936, 1.53
35.936, 1.538
35.936, 1.547
35.912, 1.555
35.912, 1.563
35.912, 1.571
35.912, 1.58
35.912, 1.588
35.888, 1.596
35.888, 1.605
35.888, 1.613
35.888, 1.621
35.863, 1.629
35.863, 1.621
35.863, 1.613
35.863, 1.605
35.863, 1.596
35.863, 1.588
35.863, 1.58
35.863, 1.571
35.863, 1.563
35.863, 1.555
35.863, 1.563
35.888, 1.571
35.888, 1.58
35.888, 1.588
35.888, 1.596
35.912, 1.605
35.912, 1.613
35.912, 1.621
35.937, 1.629
35.937, 1.638
35.937, 1.646
35.96, 1.646
35.96, 1.654
35.96, 1.662
35.96, 1.671
35.984, 1.679
35.984, 1.687
35.984, 1.696
36.009, 1.704
36.01, 1.712
36.01, 1.72
36.034, 1.729
36.034, 1.737
36.034, 1.745
36.034, 1.753
36.058, 1.762
36.058, 1.77
36.058, 1.778
36.082, 1.786
36.082, 1.795
36.083, 1.803
36.083, 1.811
36.107, 1.819
36.107, 1.827
36.131, 1.835
36.131, 1.843
36.131, 1.853
36.155, 1.861
36.155, 1.869
36.155, 1.877
36.156, 1.886
36.18, 1.894
36.18, 1.902
36.18, 1.91
36.204, 1.919
36.204, 1.927
36.204, 1.935
36.228, 1.944
36.228, 1.952
36.228, 1.96
36.228, 1.968
36.253, 1.976
36.253, 1.984
36.253, 1.992
36.277, 1.992
36.277, 2.001
36.277, 2.01
36.277, 2.018
36.301, 2.026
36.301, 2.035
36.301, 2.043
36.301, 2.051
36.302, 2.059
36.302, 2.068
36.302, 2.076
36.302, 2.084
36.302, 2.092
36.302, 2.101
36.302, 2.109
36.302, 2.117
36.302, 2.125
36.302, 2.134
36.302, 2.142
36.302, 2.15
36.302, 2.159
36.303, 2.167
36.303, 2.175
36.303, 2.183
36.303, 2.192
36.327, 2.2
36.327, 2.208
36.327, 2.216
36.327, 2.225
36.327, 2.233
36.327, 2.241
36.327, 2.249
36.328, 2.258
36.328, 2.266
36.328, 2.274
36.328, 2.283
36.328, 2.291
36.351, 2.299
36.351, 2.307
36.351, 2.316
36.351, 2.324
36.351, 2.332
36.351, 2.34
36.377, 2.349
36.377, 2.357
36.377, 2.365
36.377, 2.374
36.377, 2.382
36.377, 2.39
36.377, 2.398
36.377, 2.407
36.401, 2.415
36.401, 2.423
36.401, 2.431
36.401, 2.44
36.402, 2.448
36.402, 2.456
36.402, 2.464
36.402, 2.472
36.402, 2.48
36.402, 2.488
36.426, 2.498
36.426, 2.506
36.426, 2.514
36.426, 2.522
36.426, 2.531
36.426, 2.539
36.427, 2.547
36.427, 2.555
36.427, 2.564
36.427, 2.572
36.427, 2.58
36.427, 2.589
36.427, 2.597
36.427, 2.605
36.427, 2.613
36.451, 2.621
36.451, 2.63
36.451, 2.638
36.452, 2.646
36.452, 2.655
36.452, 2.663
36.452, 2.671
36.452, 2.679
36.476, 2.688
36.476, 2.696
36.476, 2.704
36.476, 2.713
36.476, 2.721
36.476, 2.729
36.476, 2.737
36.476, 2.746
36.476, 2.754
36.501, 2.762
36.501, 2.77
36.501, 2.779
36.501, 2.787
36.501, 2.795
36.501, 2.803
36.501, 2.812
36.501, 2.819
36.501, 2.827
36.502, 2.837
36.502, 2.845
36.526, 2.853
36.526, 2.861
36.526, 2.87
36.526, 2.878
36.526, 2.886
36.526, 2.894
36.526, 2.903
36.526, 2.911
36.526, 2.919
36.526, 2.928
36.527, 2.936
36.527, 2.944
36.527, 2.952
36.527, 2.96
36.527, 2.968
36.551, 2.976
36.551, 2.984
36.551, 2.994
36.551, 3.002
36.551, 3.01
36.551, 3.018
36.551, 3.027
36.552, 3.035
36.552, 3.043
36.552, 3.052
36.576, 3.06
36.576, 3.068
36.576, 3.076
36.576, 3.085
36.576, 3.093
36.576, 3.101
36.576, 3.109
36.576, 3.117
36.577, 3.126
36.577, 3.134
36.601, 3.143
36.601, 3.151
36.601, 3.159
36.601, 3.167
36.601, 3.176
36.601, 3.184
36.601, 3.192
36.601, 3.2
36.601, 3.209
36.601, 3.217
36.601, 3.225
36.626, 3.233
36.626, 3.242
36.65, 3.25
36.65, 3.258
36.65, 3.267
36.674, 3.267
36.674, 3.275
36.674, 3.283
36.698, 3.291
36.698, 3.3
36.722, 3.308
36.722, 3.316
36.746, 3.316
36.771, 3.324
36.795, 3.324
36.819, 3.333
36.843, 3.333
36.867, 3.333
36.867, 3.341
36.891, 3.341
36.891, 3.333
36.915, 3.324
36.915, 3.316
36.915, 3.308
36.939, 3.3
36.939, 3.291
36.939, 3.283
36.963, 3.275
36.963, 3.267
36.987, 3.258
36.987, 3.25
36.987, 3.242
37.01, 3.233
37.01, 3.225
37.01, 3.217
37.034, 3.209
37.034, 3.2
37.034, 3.192
37.058, 3.184
37.058, 3.176
37.058, 3.167
37.082, 3.159
37.082, 3.151
37.082, 3.142
37.106, 3.134
37.106, 3.126
37.13, 3.117
37.13, 3.109
37.129, 3.101
37.153, 3.093
37.153, 3.085
37.153, 3.076
37.153, 3.068
37.177, 3.06
37.177, 3.052
37.177, 3.043
37.201, 3.035
37.201, 3.027
37.201, 3.018
37.225, 3.01
37.225, 3.002
37.225, 2.994
37.249, 2.984
37.248, 2.976
37.272, 2.968
37.272, 2.96
37.272, 2.952
37.272, 2.944
37.272, 2.936
37.272, 2.927
37.272, 2.919
37.272, 2.911
37.272, 2.903
37.296, 2.894
37.296, 2.886
37.296, 2.878
37.296, 2.87
37.295, 2.861
37.295, 2.853
37.319, 2.845
37.319, 2.837
37.319, 2.827
37.319, 2.819
37.343, 2.812
37.343, 2.803
37.343, 2.795
37.367, 2.787
37.367, 2.779
37.367, 2.77
37.367, 2.762
37.367, 2.754
37.366, 2.746
37.366, 2.737
37.39, 2.729
37.39, 2.721
37.39, 2.712
37.39, 2.704
37.39, 2.696
37.414, 2.688
37.414, 2.679
37.414, 2.671
37.414, 2.663
37.438, 2.655
37.438, 2.646
37.438, 2.638
37.438, 2.63
37.461, 2.621
37.461, 2.613
37.461, 2.605
37.461, 2.597
37.461, 2.588
37.461, 2.58
37.461, 2.572
37.484, 2.564
37.484, 2.555
37.484, 2.547
37.484, 2.539
37.509, 2.531
37.509, 2.522
37.509, 2.514
37.508, 2.506
37.508, 2.498
37.508, 2.488
37.508, 2.48
37.508, 2.472
37.532, 2.464
37.532, 2.456
37.532, 2.448
37.532, 2.44
37.556, 2.431
37.556, 2.423
37.556, 2.415
37.58, 2.407
37.58, 2.398
37.579, 2.39
37.579, 2.382
37.603, 2.373
37.603, 2.365
37.603, 2.357
37.603, 2.349
37.603, 2.34
37.603, 2.332
37.603, 2.324
37.627, 2.316
37.627, 2.307
37.627, 2.299
37.651, 2.291
37.651, 2.283
37.65, 2.274
37.65, 2.266
37.674, 2.258
37.674, 2.249
37.674, 2.241
37.674, 2.233
37.698, 2.225
37.698, 2.216
37.698, 2.208
37.698, 2.2
37.698, 2.192
37.698, 2.183
37.722, 2.175
37.722, 2.167
37.722, 2.158
37.745, 2.15
37.745, 2.142
37.745, 2.134
37.745, 2.125
37.769, 2.117
37.769, 2.109
37.769, 2.101
37.769, 2.092
37.769, 2.084
37.793, 2.076
37.793, 2.068
37.793, 2.059
37.793, 2.051
37.793, 2.043
37.817, 2.034
37.815, 2.026
37.815, 2.018
37.815, 2.01
37.839, 2.001
37.839, 1.992
37.839, 1.984
37.863, 1.976
37.863, 1.968
37.863, 1.96
37.863, 1.952
37.863, 1.943
37.888, 1.935
37.888, 1.927
37.888, 1.919
37.912, 1.91
37.911, 1.902
37.911, 1.894
37.935, 1.886
37.935, 1.877
37.935, 1.869
37.959, 1.861
37.959, 1.853
37.959, 1.843
37.959, 1.835
37.959, 1.827
37.983, 1.819
37.983, 1.811
37.983, 1.803
38.007, 1.795
38.006, 1.786
38.006, 1.778
38.03, 1.77
38.03, 1.762
38.03, 1.753
38.054, 1.745
38.054, 1.737
38.054, 1.728
38.054, 1.72
38.078, 1.712
38.078, 1.704
38.078, 1.694
38.102, 1.687
38.102, 1.679
38.102, 1.671
38.126, 1.662
38.125, 1.654
38.125, 1.646
38.125, 1.638
38.149, 1.629
38.149, 1.621
38.149, 1.613
38.173, 1.604
38.173, 1.596
38.173, 1.588
38.197, 1.58
38.197, 1.571
38.197, 1.563
38.221, 1.555
38.221, 1.547
38.221, 1.538
38.245, 1.53
38.244, 1.522
38.268, 1.513
38.268, 1.505
38.268, 1.496
38.292, 1.488
38.292, 1.48
38.292, 1.472
38.292, 1.464
38.316, 1.456
38.316, 1.447
38.34, 1.439
38.34, 1.431
38.363, 1.423
38.363, 1.414
38.363, 1.406
38.363, 1.398
38.387, 1.389
38.387, 1.381
38.387, 1.373
38.411, 1.365
38.411, 1.355
38.435, 1.347
38.435, 1.34
38.435, 1.332
38.459, 1.323
38.459, 1.315
38.459, 1.307
38.483, 1.298
38.483, 1.29
38.507, 1.282
38.507, 1.274
38.531, 1.265
38.53, 1.257
38.554, 1.249
38.554, 1.241
38.554, 1.232
38.577, 1.224
38.577, 1.216
38.601, 1.208
38.601, 1.199
38.626, 1.191
38.626, 1.183
38.65, 1.174
38.65, 1.166
38.674, 1.158
38.674, 1.15
38.698, 1.15
38.722, 1.141
38.722, 1.133
38.746, 1.125
38.77, 1.117
38.794, 1.108
38.793, 1.1
38.817, 1.092
38.842, 1.092
38.841, 1.083
38.865, 1.075
38.865, 1.067
38.889, 1.067
38.889, 1.059
38.913, 1.059
38.937, 1.059
38.962, 1.067
38.986, 1.067
39.01, 1.067
39.034, 1.067
39.058, 1.075
39.082, 1.075
39.106, 1.075
39.13, 1.075
39.154, 1.083
39.178, 1.083
39.202, 1.083
39.226, 1.083
39.25, 1.083
39.274, 1.083
39.298, 1.083
39.322, 1.083
39.347, 1.083
39.371, 1.083
39.395, 1.083
39.419, 1.083
39.443, 1.083
39.467, 1.075
39.491, 1.075
39.515, 1.067
39.539, 1.059
39.539, 1.05
39.563, 1.042
39.562, 1.034
39.585, 1.026
39.609, 1.017
39.609, 1.009
39.634, 1.001
39.634, 0.992
39.658, 0.984
39.658, 0.976
39.682, 0.968
39.706, 0.959
39.73, 0.959
39.73, 0.951
39.754, 0.951
39.778, 0.943
39.802, 0.943
39.826, 0.943
39.85, 0.943
39.874, 0.935
39.898, 0.935
39.922, 0.935
39.946, 0.935
39.97, 0.935
39.994, 0.935
40.018, 0.926
40.042, 0.926
40.066, 0.918
40.09, 0.91
40.114, 0.91
40.138, 0.902
40.162, 0.893
40.186, 0.885
40.21, 0.877
40.234, 0.877
40.258, 0.867
40.282, 0.859
40.306, 0.851
40.33, 0.843
40.354, 0.835
40.378, 0.827
40.378, 0.819
40.402, 0.819
40.402, 0.811
40.402, 0.802
40.402, 0.794
40.402, 0.786
40.402, 0.777
40.426, 0.777
40.426, 0.769
40.426, 0.761
40.426, 0.753
40.426, 0.761
40.402, 0.769
40.402, 0.777
40.402, 0.786
40.378, 0.794
40.378, 0.802
40.378, 0.811
40.354, 0.819
40.354, 0.827
40.354, 0.819
40.354, 0.811
40.378, 0.802
40.378, 0.794
40.378, 0.786
40.378, 0.777
40.378, 0.769
40.402, 0.761
40.402, 0.753
40.401, 0.744
40.401, 0.736
40.425, 0.728
40.425, 0.72
40.425, 0.71
40.425, 0.702
40.425, 0.71
40.425, 0.72
40.449, 0.728
40.449, 0.736
40.45, 0.744
40.45, 0.753
40.45, 0.761
40.45, 0.769
40.474, 0.777
40.474, 0.786
40.474, 0.794
40.498, 0.786
40.498, 0.777
40.522, 0.777
40.522, 0.769
40.546, 0.761
40.569, 0.753
40.569, 0.744
40.593, 0.744
40.593, 0.736
40.617, 0.728
40.642, 0.72
40.642, 0.71
40.666, 0.71
40.69, 0.702
40.69, 0.694
40.714, 0.687
40.738, 0.678
40.761, 0.67
40.761, 0.662
40.785, 0.653
40.809, 0.645
40.833, 0.637
40.833, 0.629
40.857, 0.62
40.881, 0.612
40.905, 0.604
40.905, 0.596
40.929, 0.587
40.952, 0.587
40.952, 0.579
40.976, 0.571
40.976, 0.562
41.001, 0.562
41.001, 0.554
41.025, 0.546
41.049, 0.538
41.073, 0.538
41.097, 0.529
41.121, 0.529
41.145, 0.529
41.169, 0.529
41.169, 0.521
41.193, 0.521
41.217, 0.521
41.241, 0.521
41.265, 0.513
41.289, 0.513
41.313, 0.505
41.337, 0.496
41.361, 0.488
41.385, 0.48
41.409, 0.471
41.433, 0.471
41.457, 0.463
41.48, 0.455
41.505, 0.447
41.529, 0.438
41.553, 0.438
41.577, 0.43
41.601, 0.43
41.625, 0.43
41.649, 0.43
41.649, 0.422
41.673, 0.422
41.697, 0.422
41.721, 0.422
41.745, 0.422
41.769, 0.422
41.793, 0.414
41.817, 0.414
41.841, 0.405
41.865, 0.405
41.889, 0.397
41.913, 0.389
41.937, 0.389
41.96, 0.381
41.984, 0.381
42.009, 0.371
42.033, 0.363
42.057, 0.363
42.081, 0.355
42.105, 0.355
42.129, 0.347
42.153, 0.347
42.153, 0.339
42.177, 0.331
42.201, 0.331
42.225, 0.323
42.249, 0.323
42.273, 0.314
42.297, 0.314
42.297, 0.306
42.321, 0.306
42.345, 0.298
42.369, 0.298
42.393, 0.29
42.417, 0.29
42.417, 0.281
42.441, 0.281
42.465, 0.273
42.488, 0.273
42.513, 0.265
42.537, 0.256
42.561, 0.256
42.561, 0.248
42.585, 0.248
42.609, 0.24
42.633, 0.24
42.657, 0.24
42.681, 0.24
42.705, 0.24
42.729, 0.24
42.754, 0.24
42.778, 0.24
42.802, 0.24
42.826, 0.232
42.85, 0.232
42.874, 0.232
42.898, 0.232
42.922, 0.232
42.946, 0.232
42.97, 0.232
42.994, 0.232
43.018, 0.232
43.042, 0.232
43.066, 0.232
43.09, 0.232
43.114, 0.232
43.138, 0.232
43.162, 0.232
43.186, 0.232
43.21, 0.232
43.234, 0.223
43.258, 0.223
43.283, 0.223
43.306, 0.215
43.331, 0.215
43.355, 0.215
43.379, 0.215
43.403, 0.215
43.427, 0.215
43.451, 0.215
43.475, 0.215
43.499, 0.215
43.523, 0.207
43.547, 0.207
43.571, 0.207
43.595, 0.207
43.619, 0.207
43.643, 0.207
43.667, 0.207
43.69, 0.207
43.714, 0.207
43.738, 0.207
43.763, 0.207
43.787, 0.199
43.811, 0.199
43.835, 0.199
43.859, 0.199
43.884, 0.199
43.908, 0.19
43.932, 0.19
43.956, 0.19
43.98, 0.19
44.004, 0.19
44.028, 0.19
44.052, 0.19
44.076, 0.19
44.1, 0.19
44.124, 0.19
44.148, 0.182
44.172, 0.182
44.196, 0.19
44.22, 0.19
44.22, 0.198
44.244, 0.198
44.268, 0.207
44.293, 0.207
44.317, 0.215
44.341, 0.223
44.365, 0.232
44.389, 0.232
44.413, 0.24
44.437, 0.24
44.461, 0.248
44.484, 0.256
44.51, 0.265
44.534, 0.265
44.558, 0.273
44.581, 0.281
44.605, 0.281
44.63, 0.289
44.654, 0.298
44.678, 0.298
44.678, 0.306
44.702, 0.306
44.726, 0.314
44.751, 0.314
44.775, 0.322
44.799, 0.331
44.823, 0.339
44.847, 0.339
44.871, 0.347
44.895, 0.347
44.895, 0.355
44.919, 0.363
44.943, 0.363
44.967, 0.363
44.991, 0.355
